237.000000 231.000000 132.000000
234.000000 234.000000 132.000000
237.000000 234.000000 132.000000
240.000000 234.000000 132.000000
240.000000 231.000000 132.000000
243.000000 234.000000 132.000000
243.000000 231.000000 132.000000
246.000000 231.000000 132.000000
246.000000 234.000000 132.000000
249.000000 234.000000 132.000000
252.000000 234.000000 132.000000
255.000000 234.000000 132.000000
258.000000 234.000000 132.000000
228.000000 237.000000 132.000000
231.000000 237.000000 132.000000
234.000000 237.000000 132.000000
237.000000 237.000000 132.000000
240.000000 237.000000 132.000000
243.000000 237.000000 132.000000
246.000000 237.000000 132.000000
249.000000 237.000000 132.000000
252.000000 237.000000 132.000000
255.000000 237.000000 132.000000
258.000000 237.000000 132.000000
228.000000 240.000000 132.000000
231.000000 240.000000 132.000000
234.000000 240.000000 132.000000
237.000000 240.000000 132.000000
240.000000 240.000000 132.000000
243.000000 240.000000 132.000000
246.000000 240.000000 132.000000
249.000000 240.000000 132.000000
252.000000 240.000000 132.000000
255.000000 240.000000 132.000000
258.000000 240.000000 132.000000
234.000000 243.000000 132.000000
231.000000 243.000000 132.000000
237.000000 243.000000 132.000000
240.000000 243.000000 132.000000
243.000000 243.000000 132.000000
246.000000 243.000000 132.000000
249.000000 243.000000 132.000000
252.000000 243.000000 132.000000
255.000000 243.000000 132.000000
258.000000 243.000000 132.000000
234.000000 246.000000 132.000000
231.000000 246.000000 132.000000
237.000000 246.000000 132.000000
240.000000 246.000000 132.000000
243.000000 246.000000 132.000000
246.000000 246.000000 132.000000
249.000000 246.000000 132.000000
252.000000 246.000000 132.000000
255.000000 246.000000 132.000000
258.000000 246.000000 132.000000
234.000000 249.000000 132.000000
231.000000 249.000000 132.000000
237.000000 249.000000 132.000000
240.000000 249.000000 132.000000
243.000000 249.000000 132.000000
246.000000 249.000000 132.000000
249.000000 249.000000 132.000000
252.000000 249.000000 132.000000
255.000000 249.000000 132.000000
258.000000 249.000000 132.000000
228.000000 249.000000 132.000000
231.000000 252.000000 132.000000
228.000000 252.000000 132.000000
234.000000 252.000000 132.000000
237.000000 252.000000 132.000000
240.000000 252.000000 132.000000
243.000000 252.000000 132.000000
246.000000 252.000000 132.000000
249.000000 252.000000 132.000000
231.000000 255.000000 132.000000
228.000000 255.000000 132.000000
234.000000 255.000000 132.000000
237.000000 255.000000 132.000000
240.000000 255.000000 132.000000
243.000000 255.000000 132.000000
246.000000 255.000000 132.000000
249.000000 255.000000 132.000000
228.000000 258.000000 132.000000
231.000000 258.000000 132.000000
234.000000 258.000000 132.000000
237.000000 258.000000 132.000000
240.000000 258.000000 132.000000
243.000000 258.000000 132.000000
237.000000 228.000000 135.000000
237.000000 231.000000 135.000000
240.000000 231.000000 135.000000
240.000000 228.000000 135.000000
243.000000 231.000000 135.000000
243.000000 228.000000 135.000000
246.000000 231.000000 135.000000
246.000000 228.000000 135.000000
258.000000 231.000000 135.000000
228.000000 234.000000 135.000000
231.000000 234.000000 135.000000
237.000000 234.000000 135.000000
234.000000 234.000000 135.000000
234.000000 231.000000 135.000000
246.000000 234.000000 135.000000
249.000000 234.000000 135.000000
249.000000 231.000000 135.000000
252.000000 234.000000 135.000000
252.000000 231.000000 135.000000
255.000000 234.000000 135.000000
255.000000 231.000000 135.000000
258.000000 234.000000 135.000000
231.000000 237.000000 135.000000
228.000000 237.000000 135.000000
234.000000 237.000000 135.000000
258.000000 237.000000 135.000000
225.000000 240.000000 135.000000
228.000000 240.000000 135.000000
231.000000 240.000000 135.000000
258.000000 240.000000 135.000000
225.000000 243.000000 135.000000
228.000000 243.000000 135.000000
231.000000 243.000000 135.000000
258.000000 243.000000 135.000000
231.000000 246.000000 135.000000
228.000000 246.000000 135.000000
258.000000 246.000000 135.000000
231.000000 249.000000 135.000000
228.000000 249.000000 135.000000
252.000000 249.000000 135.000000
249.000000 249.000000 135.000000
255.000000 249.000000 135.000000
258.000000 249.000000 135.000000
228.000000 252.000000 135.000000
225.000000 249.000000 135.000000
225.000000 252.000000 135.000000
249.000000 252.000000 135.000000
252.000000 252.000000 135.000000
255.000000 252.000000 135.000000
228.000000 255.000000 135.000000
225.000000 255.000000 135.000000
246.000000 255.000000 135.000000
243.000000 255.000000 135.000000
249.000000 255.000000 135.000000
252.000000 255.000000 135.000000
225.000000 258.000000 135.000000
228.000000 258.000000 135.000000
231.000000 258.000000 135.000000
234.000000 258.000000 135.000000
237.000000 258.000000 135.000000
240.000000 258.000000 135.000000
243.000000 258.000000 135.000000
237.000000 225.000000 138.000000
237.000000 228.000000 138.000000
240.000000 228.000000 138.000000
240.000000 225.000000 138.000000
243.000000 228.000000 138.000000
243.000000 225.000000 138.000000
246.000000 228.000000 138.000000
228.000000 231.000000 138.000000
234.000000 228.000000 138.000000
231.000000 228.000000 138.000000
234.000000 231.000000 138.000000
231.000000 231.000000 138.000000
237.000000 231.000000 138.000000
246.000000 231.000000 138.000000
249.000000 231.000000 138.000000
249.000000 228.000000 138.000000
252.000000 231.000000 138.000000
255.000000 231.000000 138.000000
258.000000 231.000000 138.000000
228.000000 234.000000 138.000000
231.000000 234.000000 138.000000
234.000000 234.000000 138.000000
258.000000 234.000000 138.000000
228.000000 237.000000 138.000000
225.000000 234.000000 138.000000
225.000000 237.000000 138.000000
258.000000 237.000000 138.000000
228.000000 240.000000 138.000000
225.000000 240.000000 138.000000
258.000000 240.000000 138.000000
210.000000 243.000000 138.000000
216.000000 243.000000 138.000000
213.000000 243.000000 138.000000
216.000000 240.000000 138.000000
213.000000 240.000000 138.000000
219.000000 243.000000 138.000000
222.000000 243.000000 138.000000
225.000000 243.000000 138.000000
222.000000 240.000000 138.000000
228.000000 243.000000 138.000000
258.000000 243.000000 138.000000
210.000000 246.000000 138.000000
213.000000 246.000000 138.000000
216.000000 246.000000 138.000000
219.000000 246.000000 138.000000
222.000000 246.000000 138.000000
225.000000 246.000000 138.000000
228.000000 246.000000 138.000000
258.000000 246.000000 138.000000
201.000000 249.000000 138.000000
204.000000 249.000000 138.000000
207.000000 246.000000 138.000000
204.000000 246.000000 138.000000
207.000000 249.000000 138.000000
210.000000 249.000000 138.000000
213.000000 249.000000 138.000000
216.000000 249.000000 138.000000
219.000000 249.000000 138.000000
222.000000 249.000000 138.000000
225.000000 249.000000 138.000000
228.000000 249.000000 138.000000
258.000000 249.000000 138.000000
255.000000 249.000000 138.000000
201.000000 252.000000 138.000000
204.000000 252.000000 138.000000
207.000000 252.000000 138.000000
210.000000 252.000000 138.000000
213.000000 252.000000 138.000000
216.000000 252.000000 138.000000
222.000000 252.000000 138.000000
219.000000 252.000000 138.000000
225.000000 252.000000 138.000000
255.000000 252.000000 138.000000
252.000000 252.000000 138.000000
201.000000 255.000000 138.000000
204.000000 255.000000 138.000000
207.000000 255.000000 138.000000
210.000000 255.000000 138.000000
213.000000 255.000000 138.000000
216.000000 255.000000 138.000000
222.000000 255.000000 138.000000
219.000000 255.000000 138.000000
225.000000 255.000000 138.000000
246.000000 255.000000 138.000000
243.000000 255.000000 138.000000
249.000000 255.000000 138.000000
252.000000 255.000000 138.000000
201.000000 258.000000 138.000000
204.000000 258.000000 138.000000
210.000000 258.000000 138.000000
213.000000 258.000000 138.000000
216.000000 258.000000 138.000000
219.000000 258.000000 138.000000
222.000000 258.000000 138.000000
225.000000 258.000000 138.000000
228.000000 258.000000 138.000000
231.000000 258.000000 138.000000
234.000000 258.000000 138.000000
237.000000 258.000000 138.000000
240.000000 258.000000 138.000000
243.000000 258.000000 138.000000
237.000000 222.000000 141.000000
240.000000 222.000000 141.000000
243.000000 222.000000 141.000000
246.000000 222.000000 141.000000
237.000000 225.000000 141.000000
240.000000 225.000000 141.000000
243.000000 225.000000 141.000000
246.000000 225.000000 141.000000
228.000000 228.000000 141.000000
234.000000 228.000000 141.000000
231.000000 228.000000 141.000000
237.000000 228.000000 141.000000
234.000000 225.000000 141.000000
243.000000 228.000000 141.000000
246.000000 228.000000 141.000000
249.000000 228.000000 141.000000
249.000000 225.000000 141.000000
258.000000 228.000000 141.000000
228.000000 231.000000 141.000000
225.000000 228.000000 141.000000
225.000000 231.000000 141.000000
231.000000 231.000000 141.000000
249.000000 231.000000 141.000000
252.000000 231.000000 141.000000
252.000000 228.000000 141.000000
255.000000 231.000000 141.000000
255.000000 228.000000 141.000000
258.000000 231.000000 141.000000
222.000000 231.000000 141.000000
225.000000 234.000000 141.000000
222.000000 234.000000 141.000000
228.000000 234.000000 141.000000
258.000000 234.000000 141.000000
219.000000 234.000000 141.000000
222.000000 237.000000 141.000000
219.000000 237.000000 141.000000
225.000000 237.000000 141.000000
258.000000 237.000000 141.000000
207.000000 240.000000 141.000000
210.000000 240.000000 141.000000
216.000000 240.000000 141.000000
213.000000 240.000000 141.000000
216.000000 237.000000 141.000000
213.000000 237.000000 141.000000
219.000000 240.000000 141.000000
222.000000 240.000000 141.000000
225.000000 240.000000 141.000000
258.000000 240.000000 141.000000
210.000000 243.000000 141.000000
207.000000 243.000000 141.000000
213.000000 243.000000 141.000000
216.000000 243.000000 141.000000
219.000000 243.000000 141.000000
222.000000 243.000000 141.000000
258.000000 243.000000 141.000000
207.000000 246.000000 141.000000
204.000000 246.000000 141.000000
204.000000 243.000000 141.000000
210.000000 246.000000 141.000000
258.000000 246.000000 141.000000
195.000000 249.000000 141.000000
198.000000 249.000000 141.000000
204.000000 249.000000 141.000000
201.000000 249.000000 141.000000
201.000000 246.000000 141.000000
219.000000 249.000000 141.000000
216.000000 249.000000 141.000000
258.000000 249.000000 141.000000
255.000000 249.000000 141.000000
198.000000 252.000000 141.000000
195.000000 252.000000 141.000000
201.000000 252.000000 141.000000
216.000000 252.000000 141.000000
219.000000 252.000000 141.000000
255.000000 252.000000 141.000000
252.000000 252.000000 141.000000
198.000000 255.000000 141.000000
195.000000 255.000000 141.000000
201.000000 255.000000 141.000000
207.000000 255.000000 141.000000
204.000000 255.000000 141.000000
210.000000 255.000000 141.000000
216.000000 255.000000 141.000000
219.000000 255.000000 141.000000
246.000000 255.000000 141.000000
243.000000 255.000000 141.000000
249.000000 255.000000 141.000000
252.000000 255.000000 141.000000
195.000000 258.000000 141.000000
198.000000 258.000000 141.000000
201.000000 258.000000 141.000000
204.000000 258.000000 141.000000
210.000000 258.000000 141.000000
213.000000 258.000000 141.000000
216.000000 258.000000 141.000000
219.000000 258.000000 141.000000
222.000000 258.000000 141.000000
225.000000 258.000000 141.000000
228.000000 258.000000 141.000000
231.000000 258.000000 141.000000
234.000000 258.000000 141.000000
237.000000 258.000000 141.000000
240.000000 258.000000 141.000000
243.000000 258.000000 141.000000
237.000000 222.000000 144.000000
240.000000 222.000000 144.000000
243.000000 222.000000 144.000000
246.000000 222.000000 144.000000
228.000000 225.000000 144.000000
237.000000 225.000000 144.000000
234.000000 225.000000 144.000000
234.000000 222.000000 144.000000
246.000000 225.000000 144.000000
243.000000 225.000000 144.000000
249.000000 225.000000 144.000000
228.000000 228.000000 144.000000
225.000000 228.000000 144.000000
231.000000 228.000000 144.000000
231.000000 225.000000 144.000000
234.000000 228.000000 144.000000
249.000000 228.000000 144.000000
252.000000 228.000000 144.000000
255.000000 228.000000 144.000000
258.000000 228.000000 144.000000
225.000000 231.000000 144.000000
222.000000 231.000000 144.000000
258.000000 231.000000 144.000000
222.000000 234.000000 144.000000
219.000000 234.000000 144.000000
258.000000 234.000000 144.000000
216.000000 237.000000 144.000000
213.000000 237.000000 144.000000
219.000000 237.000000 144.000000
216.000000 234.000000 144.000000
258.000000 237.000000 144.000000
204.000000 240.000000 144.000000
207.000000 240.000000 144.000000
210.000000 240.000000 144.000000
213.000000 240.000000 144.000000
258.000000 240.000000 144.000000
201.000000 243.000000 144.000000
204.000000 243.000000 144.000000
207.000000 243.000000 144.000000
210.000000 243.000000 144.000000
258.000000 243.000000 144.000000
195.000000 246.000000 144.000000
198.000000 246.000000 144.000000
201.000000 246.000000 144.000000
204.000000 246.000000 144.000000
258.000000 246.000000 144.000000
189.000000 249.000000 144.000000
192.000000 249.000000 144.000000
195.000000 249.000000 144.000000
198.000000 249.000000 144.000000
201.000000 249.000000 144.000000
258.000000 249.000000 144.000000
255.000000 249.000000 144.000000
192.000000 252.000000 144.000000
189.000000 252.000000 144.000000
195.000000 252.000000 144.000000
255.000000 252.000000 144.000000
252.000000 252.000000 144.000000
192.000000 255.000000 144.000000
189.000000 255.000000 144.000000
195.000000 255.000000 144.000000
207.000000 255.000000 144.000000
204.000000 255.000000 144.000000
210.000000 255.000000 144.000000
246.000000 255.000000 144.000000
243.000000 255.000000 144.000000
249.000000 255.000000 144.000000
252.000000 255.000000 144.000000
189.000000 258.000000 144.000000
192.000000 258.000000 144.000000
195.000000 258.000000 144.000000
198.000000 258.000000 144.000000
201.000000 258.000000 144.000000
204.000000 258.000000 144.000000
210.000000 258.000000 144.000000
213.000000 258.000000 144.000000
216.000000 258.000000 144.000000
219.000000 258.000000 144.000000
222.000000 258.000000 144.000000
225.000000 258.000000 144.000000
228.000000 258.000000 144.000000
231.000000 258.000000 144.000000
234.000000 258.000000 144.000000
237.000000 258.000000 144.000000
240.000000 258.000000 144.000000
243.000000 258.000000 144.000000
228.000000 219.000000 147.000000
231.000000 219.000000 147.000000
237.000000 219.000000 147.000000
234.000000 219.000000 147.000000
225.000000 222.000000 147.000000
228.000000 222.000000 147.000000
231.000000 222.000000 147.000000
234.000000 222.000000 147.000000
237.000000 222.000000 147.000000
240.000000 222.000000 147.000000
240.000000 219.000000 147.000000
243.000000 222.000000 147.000000
225.000000 225.000000 147.000000
228.000000 225.000000 147.000000
231.000000 225.000000 147.000000
234.000000 225.000000 147.000000
243.000000 225.000000 147.000000
246.000000 225.000000 147.000000
246.000000 222.000000 147.000000
249.000000 225.000000 147.000000
225.000000 228.000000 147.000000
222.000000 225.000000 147.000000
222.000000 228.000000 147.000000
228.000000 228.000000 147.000000
249.000000 228.000000 147.000000
252.000000 228.000000 147.000000
255.000000 228.000000 147.000000
258.000000 228.000000 147.000000
225.000000 231.000000 147.000000
222.000000 231.000000 147.000000
258.000000 231.000000 147.000000
219.000000 234.000000 147.000000
216.000000 234.000000 147.000000
222.000000 234.000000 147.000000
219.000000 231.000000 147.000000
258.000000 234.000000 147.000000
216.000000 237.000000 147.000000
213.000000 237.000000 147.000000
213.000000 234.000000 147.000000
258.000000 237.000000 147.000000
204.000000 240.000000 147.000000
201.000000 240.000000 147.000000
207.000000 240.000000 147.000000
213.000000 240.000000 147.000000
210.000000 240.000000 147.000000
210.000000 237.000000 147.000000
258.000000 240.000000 147.000000
204.000000 243.000000 147.000000
201.000000 243.000000 147.000000
207.000000 243.000000 147.000000
210.000000 243.000000 147.000000
258.000000 243.000000 147.000000
198.000000 246.000000 147.000000
195.000000 246.000000 147.000000
201.000000 246.000000 147.000000
198.000000 243.000000 147.000000
258.000000 246.000000 147.000000
189.000000 249.000000 147.000000
192.000000 249.000000 147.000000
195.000000 249.000000 147.000000
258.000000 249.000000 147.000000
255.000000 249.000000 147.000000
189.000000 252.000000 147.000000
255.000000 252.000000 147.000000
252.000000 252.000000 147.000000
189.000000 255.000000 147.000000
207.000000 255.000000 147.000000
204.000000 255.000000 147.000000
210.000000 255.000000 147.000000
246.000000 255.000000 147.000000
243.000000 255.000000 147.000000
249.000000 255.000000 147.000000
252.000000 255.000000 147.000000
189.000000 258.000000 147.000000
192.000000 258.000000 147.000000
195.000000 258.000000 147.000000
198.000000 258.000000 147.000000
201.000000 258.000000 147.000000
204.000000 258.000000 147.000000
210.000000 258.000000 147.000000
213.000000 258.000000 147.000000
216.000000 258.000000 147.000000
219.000000 258.000000 147.000000
222.000000 258.000000 147.000000
225.000000 258.000000 147.000000
228.000000 258.000000 147.000000
231.000000 258.000000 147.000000
234.000000 258.000000 147.000000
237.000000 258.000000 147.000000
240.000000 258.000000 147.000000
243.000000 258.000000 147.000000
234.000000 216.000000 150.000000
237.000000 216.000000 150.000000
240.000000 216.000000 150.000000
231.000000 219.000000 150.000000
228.000000 219.000000 150.000000
234.000000 219.000000 150.000000
237.000000 219.000000 150.000000
240.000000 219.000000 150.000000
243.000000 219.000000 150.000000
222.000000 222.000000 150.000000
225.000000 222.000000 150.000000
228.000000 222.000000 150.000000
240.000000 222.000000 150.000000
243.000000 222.000000 150.000000
246.000000 222.000000 150.000000
225.000000 225.000000 150.000000
222.000000 225.000000 150.000000
246.000000 225.000000 150.000000
249.000000 225.000000 150.000000
249.000000 222.000000 150.000000
258.000000 225.000000 150.000000
222.000000 228.000000 150.000000
249.000000 228.000000 150.000000
252.000000 228.000000 150.000000
252.000000 225.000000 150.000000
255.000000 228.000000 150.000000
255.000000 225.000000 150.000000
258.000000 228.000000 150.000000
222.000000 231.000000 150.000000
219.000000 231.000000 150.000000
219.000000 228.000000 150.000000
258.000000 231.000000 150.000000
216.000000 234.000000 150.000000
213.000000 234.000000 150.000000
219.000000 234.000000 150.000000
216.000000 231.000000 150.000000
258.000000 234.000000 150.000000
213.000000 237.000000 150.000000
210.000000 237.000000 150.000000
258.000000 237.000000 150.000000
201.000000 240.000000 150.000000
204.000000 240.000000 150.000000
207.000000 240.000000 150.000000
210.000000 240.000000 150.000000
258.000000 240.000000 150.000000
201.000000 243.000000 150.000000
198.000000 243.000000 150.000000
204.000000 243.000000 150.000000
207.000000 243.000000 150.000000
258.000000 243.000000 150.000000
198.000000 246.000000 150.000000
195.000000 246.000000 150.000000
195.000000 243.000000 150.000000
258.000000 246.000000 150.000000
192.000000 249.000000 150.000000
189.000000 249.000000 150.000000
195.000000 249.000000 150.000000
192.000000 246.000000 150.000000
258.000000 249.000000 150.000000
255.000000 249.000000 150.000000
189.000000 252.000000 150.000000
255.000000 252.000000 150.000000
252.000000 252.000000 150.000000
189.000000 255.000000 150.000000
207.000000 255.000000 150.000000
204.000000 255.000000 150.000000
210.000000 255.000000 150.000000
246.000000 255.000000 150.000000
243.000000 255.000000 150.000000
249.000000 255.000000 150.000000
252.000000 255.000000 150.000000
189.000000 258.000000 150.000000
192.000000 258.000000 150.000000
195.000000 258.000000 150.000000
198.000000 258.000000 150.000000
201.000000 258.000000 150.000000
204.000000 258.000000 150.000000
210.000000 258.000000 150.000000
213.000000 258.000000 150.000000
216.000000 258.000000 150.000000
219.000000 258.000000 150.000000
222.000000 258.000000 150.000000
225.000000 258.000000 150.000000
228.000000 258.000000 150.000000
231.000000 258.000000 150.000000
234.000000 258.000000 150.000000
237.000000 258.000000 150.000000
240.000000 258.000000 150.000000
243.000000 258.000000 150.000000
234.000000 216.000000 153.000000
237.000000 216.000000 153.000000
240.000000 216.000000 153.000000
246.000000 216.000000 153.000000
243.000000 216.000000 153.000000
231.000000 219.000000 153.000000
228.000000 219.000000 153.000000
234.000000 219.000000 153.000000
240.000000 219.000000 153.000000
243.000000 219.000000 153.000000
246.000000 219.000000 153.000000
249.000000 219.000000 153.000000
222.000000 222.000000 153.000000
225.000000 222.000000 153.000000
228.000000 222.000000 153.000000
231.000000 222.000000 153.000000
243.000000 222.000000 153.000000
246.000000 222.000000 153.000000
249.000000 222.000000 153.000000
252.000000 222.000000 153.000000
255.000000 222.000000 153.000000
258.000000 222.000000 153.000000
222.000000 225.000000 153.000000
219.000000 225.000000 153.000000
225.000000 225.000000 153.000000
249.000000 225.000000 153.000000
252.000000 225.000000 153.000000
255.000000 225.000000 153.000000
258.000000 225.000000 153.000000
222.000000 228.000000 153.000000
219.000000 228.000000 153.000000
258.000000 228.000000 153.000000
219.000000 231.000000 153.000000
216.000000 231.000000 153.000000
216.000000 228.000000 153.000000
258.000000 231.000000 153.000000
216.000000 234.000000 153.000000
213.000000 234.000000 153.000000
258.000000 234.000000 153.000000
213.000000 237.000000 153.000000
210.000000 237.000000 153.000000
258.000000 237.000000 153.000000
198.000000 240.000000 153.000000
195.000000 240.000000 153.000000
210.000000 240.000000 153.000000
207.000000 240.000000 153.000000
258.000000 240.000000 153.000000
198.000000 243.000000 153.000000
195.000000 243.000000 153.000000
201.000000 243.000000 153.000000
204.000000 243.000000 153.000000
204.000000 240.000000 153.000000
201.000000 240.000000 153.000000
207.000000 243.000000 153.000000
258.000000 243.000000 153.000000
192.000000 243.000000 153.000000
189.000000 243.000000 153.000000
192.000000 246.000000 153.000000
189.000000 246.000000 153.000000
195.000000 246.000000 153.000000
258.000000 246.000000 153.000000
186.000000 246.000000 153.000000
189.000000 249.000000 153.000000
186.000000 249.000000 153.000000
192.000000 249.000000 153.000000
258.000000 249.000000 153.000000
255.000000 249.000000 153.000000
183.000000 249.000000 153.000000
183.000000 252.000000 153.000000
186.000000 252.000000 153.000000
189.000000 252.000000 153.000000
255.000000 252.000000 153.000000
252.000000 252.000000 153.000000
183.000000 255.000000 153.000000
186.000000 255.000000 153.000000
189.000000 255.000000 153.000000
207.000000 255.000000 153.000000
204.000000 255.000000 153.000000
210.000000 255.000000 153.000000
246.000000 255.000000 153.000000
243.000000 255.000000 153.000000
249.000000 255.000000 153.000000
252.000000 255.000000 153.000000
183.000000 258.000000 153.000000
186.000000 258.000000 153.000000
189.000000 258.000000 153.000000
192.000000 258.000000 153.000000
195.000000 258.000000 153.000000
198.000000 258.000000 153.000000
201.000000 258.000000 153.000000
204.000000 258.000000 153.000000
210.000000 258.000000 153.000000
213.000000 258.000000 153.000000
216.000000 258.000000 153.000000
219.000000 258.000000 153.000000
222.000000 258.000000 153.000000
225.000000 258.000000 153.000000
228.000000 258.000000 153.000000
231.000000 258.000000 153.000000
234.000000 258.000000 153.000000
237.000000 258.000000 153.000000
240.000000 258.000000 153.000000
243.000000 258.000000 153.000000
234.000000 216.000000 156.000000
237.000000 216.000000 156.000000
240.000000 216.000000 156.000000
243.000000 216.000000 156.000000
246.000000 216.000000 156.000000
234.000000 219.000000 156.000000
231.000000 219.000000 156.000000
243.000000 219.000000 156.000000
240.000000 219.000000 156.000000
246.000000 219.000000 156.000000
249.000000 219.000000 156.000000
219.000000 222.000000 156.000000
228.000000 222.000000 156.000000
225.000000 222.000000 156.000000
231.000000 222.000000 156.000000
228.000000 219.000000 156.000000
249.000000 222.000000 156.000000
252.000000 222.000000 156.000000
255.000000 222.000000 156.000000
258.000000 222.000000 156.000000
219.000000 225.000000 156.000000
222.000000 225.000000 156.000000
222.000000 222.000000 156.000000
225.000000 225.000000 156.000000
258.000000 225.000000 156.000000
219.000000 228.000000 156.000000
216.000000 228.000000 156.000000
258.000000 228.000000 156.000000
216.000000 231.000000 156.000000
258.000000 231.000000 156.000000
216.000000 234.000000 156.000000
213.000000 234.000000 156.000000
213.000000 231.000000 156.000000
258.000000 234.000000 156.000000
192.000000 237.000000 156.000000
189.000000 237.000000 156.000000
195.000000 237.000000 156.000000
213.000000 237.000000 156.000000
210.000000 237.000000 156.000000
210.000000 234.000000 156.000000
258.000000 237.000000 156.000000
192.000000 240.000000 156.000000
189.000000 240.000000 156.000000
195.000000 240.000000 156.000000
198.000000 240.000000 156.000000
198.000000 237.000000 156.000000
201.000000 237.000000 156.000000
201.000000 240.000000 156.000000
204.000000 240.000000 156.000000
204.000000 237.000000 156.000000
207.000000 240.000000 156.000000
210.000000 240.000000 156.000000
207.000000 237.000000 156.000000
258.000000 240.000000 156.000000
186.000000 240.000000 156.000000
189.000000 243.000000 156.000000
186.000000 243.000000 156.000000
192.000000 243.000000 156.000000
195.000000 243.000000 156.000000
198.000000 243.000000 156.000000
201.000000 243.000000 156.000000
258.000000 243.000000 156.000000
189.000000 246.000000 156.000000
186.000000 246.000000 156.000000
258.000000 246.000000 156.000000
180.000000 249.000000 156.000000
183.000000 249.000000 156.000000
183.000000 246.000000 156.000000
186.000000 249.000000 156.000000
258.000000 249.000000 156.000000
255.000000 249.000000 156.000000
183.000000 252.000000 156.000000
180.000000 252.000000 156.000000
255.000000 252.000000 156.000000
252.000000 252.000000 156.000000
183.000000 255.000000 156.000000
180.000000 255.000000 156.000000
207.000000 255.000000 156.000000
204.000000 255.000000 156.000000
210.000000 255.000000 156.000000
246.000000 255.000000 156.000000
243.000000 255.000000 156.000000
249.000000 255.000000 156.000000
252.000000 255.000000 156.000000
180.000000 258.000000 156.000000
183.000000 258.000000 156.000000
186.000000 258.000000 156.000000
189.000000 258.000000 156.000000
192.000000 258.000000 156.000000
195.000000 258.000000 156.000000
198.000000 258.000000 156.000000
201.000000 258.000000 156.000000
204.000000 258.000000 156.000000
210.000000 258.000000 156.000000
213.000000 258.000000 156.000000
216.000000 258.000000 156.000000
219.000000 258.000000 156.000000
222.000000 258.000000 156.000000
225.000000 258.000000 156.000000
228.000000 258.000000 156.000000
231.000000 258.000000 156.000000
234.000000 258.000000 156.000000
237.000000 258.000000 156.000000
240.000000 258.000000 156.000000
243.000000 258.000000 156.000000
237.000000 216.000000 159.000000
234.000000 216.000000 159.000000
240.000000 216.000000 159.000000
231.000000 219.000000 159.000000
228.000000 219.000000 159.000000
234.000000 219.000000 159.000000
237.000000 219.000000 159.000000
240.000000 219.000000 159.000000
243.000000 219.000000 159.000000
246.000000 219.000000 159.000000
249.000000 219.000000 159.000000
219.000000 222.000000 159.000000
222.000000 222.000000 159.000000
225.000000 222.000000 159.000000
228.000000 222.000000 159.000000
231.000000 222.000000 159.000000
234.000000 222.000000 159.000000
237.000000 222.000000 159.000000
240.000000 222.000000 159.000000
243.000000 222.000000 159.000000
246.000000 222.000000 159.000000
249.000000 222.000000 159.000000
252.000000 222.000000 159.000000
255.000000 222.000000 159.000000
258.000000 222.000000 159.000000
219.000000 225.000000 159.000000
222.000000 225.000000 159.000000
225.000000 225.000000 159.000000
228.000000 225.000000 159.000000
231.000000 225.000000 159.000000
249.000000 225.000000 159.000000
246.000000 225.000000 159.000000
252.000000 225.000000 159.000000
255.000000 225.000000 159.000000
258.000000 225.000000 159.000000
216.000000 228.000000 159.000000
219.000000 228.000000 159.000000
222.000000 228.000000 159.000000
225.000000 228.000000 159.000000
228.000000 228.000000 159.000000
249.000000 228.000000 159.000000
246.000000 228.000000 159.000000
252.000000 228.000000 159.000000
255.000000 228.000000 159.000000
258.000000 228.000000 159.000000
213.000000 231.000000 159.000000
216.000000 231.000000 159.000000
219.000000 231.000000 159.000000
222.000000 231.000000 159.000000
225.000000 231.000000 159.000000
228.000000 231.000000 159.000000
252.000000 231.000000 159.000000
249.000000 231.000000 159.000000
255.000000 231.000000 159.000000
258.000000 231.000000 159.000000
210.000000 234.000000 159.000000
213.000000 234.000000 159.000000
216.000000 234.000000 159.000000
219.000000 234.000000 159.000000
222.000000 234.000000 159.000000
225.000000 234.000000 159.000000
228.000000 234.000000 159.000000
258.000000 234.000000 159.000000
189.000000 237.000000 159.000000
192.000000 237.000000 159.000000
195.000000 237.000000 159.000000
198.000000 237.000000 159.000000
201.000000 237.000000 159.000000
204.000000 237.000000 159.000000
210.000000 237.000000 159.000000
207.000000 237.000000 159.000000
213.000000 237.000000 159.000000
216.000000 237.000000 159.000000
219.000000 237.000000 159.000000
222.000000 237.000000 159.000000
225.000000 237.000000 159.000000
258.000000 237.000000 159.000000
189.000000 240.000000 159.000000
186.000000 240.000000 159.000000
192.000000 240.000000 159.000000
198.000000 240.000000 159.000000
195.000000 240.000000 159.000000
201.000000 240.000000 159.000000
204.000000 240.000000 159.000000
207.000000 240.000000 159.000000
210.000000 240.000000 159.000000
213.000000 240.000000 159.000000
216.000000 240.000000 159.000000
219.000000 240.000000 159.000000
222.000000 240.000000 159.000000
258.000000 240.000000 159.000000
186.000000 243.000000 159.000000
207.000000 243.000000 159.000000
204.000000 243.000000 159.000000
210.000000 243.000000 159.000000
213.000000 243.000000 159.000000
216.000000 243.000000 159.000000
219.000000 243.000000 159.000000
222.000000 243.000000 159.000000
258.000000 243.000000 159.000000
183.000000 246.000000 159.000000
186.000000 246.000000 159.000000
183.000000 243.000000 159.000000
258.000000 246.000000 159.000000
183.000000 249.000000 159.000000
180.000000 249.000000 159.000000
258.000000 249.000000 159.000000
255.000000 249.000000 159.000000
180.000000 252.000000 159.000000
255.000000 252.000000 159.000000
252.000000 252.000000 159.000000
258.000000 252.000000 159.000000
180.000000 255.000000 159.000000
207.000000 255.000000 159.000000
204.000000 255.000000 159.000000
210.000000 255.000000 159.000000
246.000000 255.000000 159.000000
243.000000 255.000000 159.000000
249.000000 255.000000 159.000000
252.000000 255.000000 159.000000
255.000000 255.000000 159.000000
180.000000 258.000000 159.000000
183.000000 258.000000 159.000000
186.000000 258.000000 159.000000
189.000000 258.000000 159.000000
192.000000 258.000000 159.000000
195.000000 258.000000 159.000000
198.000000 258.000000 159.000000
201.000000 258.000000 159.000000
204.000000 258.000000 159.000000
210.000000 258.000000 159.000000
213.000000 258.000000 159.000000
216.000000 258.000000 159.000000
219.000000 258.000000 159.000000
222.000000 258.000000 159.000000
225.000000 258.000000 159.000000
228.000000 258.000000 159.000000
231.000000 258.000000 159.000000
234.000000 258.000000 159.000000
237.000000 258.000000 159.000000
240.000000 258.000000 159.000000
243.000000 258.000000 159.000000
252.000000 258.000000 159.000000
249.000000 258.000000 159.000000
231.000000 222.000000 162.000000
234.000000 222.000000 162.000000
237.000000 222.000000 162.000000
240.000000 222.000000 162.000000
243.000000 222.000000 162.000000
246.000000 222.000000 162.000000
228.000000 225.000000 162.000000
231.000000 225.000000 162.000000
234.000000 225.000000 162.000000
237.000000 225.000000 162.000000
243.000000 225.000000 162.000000
240.000000 225.000000 162.000000
246.000000 225.000000 162.000000
228.000000 228.000000 162.000000
231.000000 228.000000 162.000000
234.000000 228.000000 162.000000
243.000000 228.000000 162.000000
240.000000 228.000000 162.000000
246.000000 228.000000 162.000000
249.000000 228.000000 162.000000
228.000000 231.000000 162.000000
231.000000 231.000000 162.000000
234.000000 231.000000 162.000000
249.000000 231.000000 162.000000
246.000000 231.000000 162.000000
252.000000 231.000000 162.000000
255.000000 231.000000 162.000000
258.000000 231.000000 162.000000
228.000000 234.000000 162.000000
225.000000 234.000000 162.000000
231.000000 234.000000 162.000000
234.000000 234.000000 162.000000
252.000000 234.000000 162.000000
249.000000 234.000000 162.000000
255.000000 234.000000 162.000000
258.000000 234.000000 162.000000
195.000000 237.000000 162.000000
192.000000 237.000000 162.000000
225.000000 237.000000 162.000000
222.000000 237.000000 162.000000
228.000000 237.000000 162.000000
231.000000 237.000000 162.000000
258.000000 237.000000 162.000000
186.000000 240.000000 162.000000
189.000000 240.000000 162.000000
192.000000 240.000000 162.000000
195.000000 240.000000 162.000000
198.000000 240.000000 162.000000
201.000000 240.000000 162.000000
204.000000 240.000000 162.000000
222.000000 240.000000 162.000000
225.000000 240.000000 162.000000
258.000000 240.000000 162.000000
183.000000 243.000000 162.000000
186.000000 243.000000 162.000000
189.000000 243.000000 162.000000
192.000000 243.000000 162.000000
195.000000 243.000000 162.000000
198.000000 243.000000 162.000000
201.000000 243.000000 162.000000
204.000000 243.000000 162.000000
207.000000 243.000000 162.000000
207.000000 240.000000 162.000000
210.000000 243.000000 162.000000
213.000000 243.000000 162.000000
216.000000 243.000000 162.000000
219.000000 243.000000 162.000000
222.000000 243.000000 162.000000
258.000000 243.000000 162.000000
183.000000 246.000000 162.000000
186.000000 246.000000 162.000000
219.000000 246.000000 162.000000
216.000000 246.000000 162.000000
222.000000 246.000000 162.000000
258.000000 246.000000 162.000000
183.000000 249.000000 162.000000
180.000000 249.000000 162.000000
258.000000 249.000000 162.000000
180.000000 252.000000 162.000000
258.000000 252.000000 162.000000
255.000000 252.000000 162.000000
180.000000 255.000000 162.000000
207.000000 255.000000 162.000000
204.000000 255.000000 162.000000
210.000000 255.000000 162.000000
246.000000 255.000000 162.000000
243.000000 255.000000 162.000000
249.000000 255.000000 162.000000
255.000000 255.000000 162.000000
252.000000 255.000000 162.000000
180.000000 258.000000 162.000000
183.000000 258.000000 162.000000
186.000000 258.000000 162.000000
189.000000 258.000000 162.000000
192.000000 258.000000 162.000000
195.000000 258.000000 162.000000
198.000000 258.000000 162.000000
201.000000 258.000000 162.000000
204.000000 258.000000 162.000000
210.000000 258.000000 162.000000
213.000000 258.000000 162.000000
216.000000 258.000000 162.000000
219.000000 258.000000 162.000000
222.000000 258.000000 162.000000
225.000000 258.000000 162.000000
228.000000 258.000000 162.000000
231.000000 258.000000 162.000000
234.000000 258.000000 162.000000
237.000000 258.000000 162.000000
240.000000 258.000000 162.000000
243.000000 258.000000 162.000000
249.000000 258.000000 162.000000
252.000000 258.000000 162.000000
237.000000 222.000000 165.000000
240.000000 222.000000 165.000000
234.000000 225.000000 165.000000
237.000000 225.000000 165.000000
240.000000 225.000000 165.000000
234.000000 228.000000 165.000000
237.000000 228.000000 165.000000
240.000000 228.000000 165.000000
243.000000 228.000000 165.000000
246.000000 228.000000 165.000000
234.000000 231.000000 165.000000
237.000000 231.000000 165.000000
240.000000 231.000000 165.000000
243.000000 231.000000 165.000000
246.000000 231.000000 165.000000
249.000000 231.000000 165.000000
234.000000 234.000000 165.000000
231.000000 234.000000 165.000000
237.000000 234.000000 165.000000
240.000000 234.000000 165.000000
243.000000 234.000000 165.000000
246.000000 234.000000 165.000000
249.000000 234.000000 165.000000
252.000000 234.000000 165.000000
255.000000 234.000000 165.000000
258.000000 234.000000 165.000000
228.000000 237.000000 165.000000
225.000000 237.000000 165.000000
231.000000 237.000000 165.000000
234.000000 237.000000 165.000000
237.000000 237.000000 165.000000
240.000000 237.000000 165.000000
258.000000 237.000000 165.000000
204.000000 240.000000 165.000000
201.000000 240.000000 165.000000
207.000000 240.000000 165.000000
225.000000 240.000000 165.000000
222.000000 240.000000 165.000000
228.000000 240.000000 165.000000
231.000000 240.000000 165.000000
234.000000 240.000000 165.000000
237.000000 240.000000 165.000000
258.000000 240.000000 165.000000
189.000000 243.000000 165.000000
186.000000 243.000000 165.000000
192.000000 243.000000 165.000000
195.000000 243.000000 165.000000
198.000000 243.000000 165.000000
201.000000 243.000000 165.000000
204.000000 243.000000 165.000000
207.000000 243.000000 165.000000
210.000000 243.000000 165.000000
213.000000 243.000000 165.000000
216.000000 243.000000 165.000000
222.000000 243.000000 165.000000
225.000000 243.000000 165.000000
228.000000 243.000000 165.000000
231.000000 243.000000 165.000000
258.000000 243.000000 165.000000
186.000000 246.000000 165.000000
183.000000 246.000000 165.000000
189.000000 246.000000 165.000000
198.000000 246.000000 165.000000
195.000000 246.000000 165.000000
201.000000 246.000000 165.000000
204.000000 246.000000 165.000000
207.000000 246.000000 165.000000
210.000000 246.000000 165.000000
213.000000 246.000000 165.000000
216.000000 246.000000 165.000000
219.000000 246.000000 165.000000
222.000000 246.000000 165.000000
225.000000 246.000000 165.000000
258.000000 246.000000 165.000000
180.000000 249.000000 165.000000
183.000000 249.000000 165.000000
186.000000 249.000000 165.000000
201.000000 249.000000 165.000000
198.000000 249.000000 165.000000
204.000000 249.000000 165.000000
207.000000 249.000000 165.000000
210.000000 249.000000 165.000000
213.000000 249.000000 165.000000
216.000000 249.000000 165.000000
219.000000 249.000000 165.000000
222.000000 249.000000 165.000000
258.000000 249.000000 165.000000
180.000000 252.000000 165.000000
183.000000 252.000000 165.000000
207.000000 252.000000 165.000000
204.000000 252.000000 165.000000
210.000000 252.000000 165.000000
258.000000 252.000000 165.000000
255.000000 252.000000 165.000000
180.000000 255.000000 165.000000
183.000000 255.000000 165.000000
207.000000 255.000000 165.000000
204.000000 255.000000 165.000000
210.000000 255.000000 165.000000
246.000000 255.000000 165.000000
243.000000 255.000000 165.000000
249.000000 255.000000 165.000000
255.000000 255.000000 165.000000
252.000000 255.000000 165.000000
180.000000 258.000000 165.000000
183.000000 258.000000 165.000000
186.000000 258.000000 165.000000
189.000000 258.000000 165.000000
192.000000 258.000000 165.000000
195.000000 258.000000 165.000000
198.000000 258.000000 165.000000
201.000000 258.000000 165.000000
204.000000 258.000000 165.000000
210.000000 258.000000 165.000000
213.000000 258.000000 165.000000
216.000000 258.000000 165.000000
219.000000 258.000000 165.000000
222.000000 258.000000 165.000000
225.000000 258.000000 165.000000
228.000000 258.000000 165.000000
231.000000 258.000000 165.000000
234.000000 258.000000 165.000000
237.000000 258.000000 165.000000
240.000000 258.000000 165.000000
243.000000 258.000000 165.000000
249.000000 258.000000 165.000000
252.000000 258.000000 165.000000
243.000000 234.000000 168.000000
240.000000 234.000000 168.000000
246.000000 234.000000 168.000000
249.000000 234.000000 168.000000
252.000000 234.000000 168.000000
255.000000 234.000000 168.000000
258.000000 234.000000 168.000000
240.000000 237.000000 168.000000
237.000000 237.000000 168.000000
258.000000 237.000000 168.000000
234.000000 240.000000 168.000000
231.000000 240.000000 168.000000
237.000000 240.000000 168.000000
258.000000 240.000000 168.000000
189.000000 243.000000 168.000000
192.000000 243.000000 168.000000
195.000000 243.000000 168.000000
228.000000 243.000000 168.000000
225.000000 243.000000 168.000000
231.000000 243.000000 168.000000
258.000000 243.000000 168.000000
189.000000 246.000000 168.000000
186.000000 246.000000 168.000000
192.000000 246.000000 168.000000
195.000000 246.000000 168.000000
198.000000 246.000000 168.000000
225.000000 246.000000 168.000000
222.000000 246.000000 168.000000
258.000000 246.000000 168.000000
186.000000 249.000000 168.000000
183.000000 249.000000 168.000000
189.000000 249.000000 168.000000
192.000000 249.000000 168.000000
195.000000 249.000000 168.000000
198.000000 249.000000 168.000000
201.000000 249.000000 168.000000
204.000000 249.000000 168.000000
213.000000 249.000000 168.000000
210.000000 249.000000 168.000000
216.000000 249.000000 168.000000
219.000000 249.000000 168.000000
222.000000 249.000000 168.000000
219.000000 246.000000 168.000000
258.000000 249.000000 168.000000
183.000000 252.000000 168.000000
186.000000 252.000000 168.000000
204.000000 252.000000 168.000000
210.000000 252.000000 168.000000
258.000000 252.000000 168.000000
255.000000 252.000000 168.000000
183.000000 255.000000 168.000000
186.000000 255.000000 168.000000
204.000000 255.000000 168.000000
210.000000 255.000000 168.000000
246.000000 255.000000 168.000000
243.000000 255.000000 168.000000
249.000000 255.000000 168.000000
255.000000 255.000000 168.000000
252.000000 255.000000 168.000000
183.000000 258.000000 168.000000
186.000000 258.000000 168.000000
189.000000 258.000000 168.000000
192.000000 258.000000 168.000000
195.000000 258.000000 168.000000
198.000000 258.000000 168.000000
201.000000 258.000000 168.000000
204.000000 258.000000 168.000000
210.000000 258.000000 168.000000
213.000000 258.000000 168.000000
216.000000 258.000000 168.000000
219.000000 258.000000 168.000000
222.000000 258.000000 168.000000
225.000000 258.000000 168.000000
228.000000 258.000000 168.000000
231.000000 258.000000 168.000000
234.000000 258.000000 168.000000
237.000000 258.000000 168.000000
240.000000 258.000000 168.000000
243.000000 258.000000 168.000000
249.000000 258.000000 168.000000
252.000000 258.000000 168.000000
243.000000 234.000000 171.000000
240.000000 234.000000 171.000000
246.000000 234.000000 171.000000
249.000000 234.000000 171.000000
252.000000 234.000000 171.000000
255.000000 234.000000 171.000000
258.000000 234.000000 171.000000
240.000000 237.000000 171.000000
237.000000 237.000000 171.000000
243.000000 237.000000 171.000000
246.000000 237.000000 171.000000
249.000000 237.000000 171.000000
258.000000 237.000000 171.000000
234.000000 240.000000 171.000000
231.000000 240.000000 171.000000
237.000000 240.000000 171.000000
240.000000 240.000000 171.000000
243.000000 240.000000 171.000000
246.000000 240.000000 171.000000
258.000000 240.000000 171.000000
228.000000 243.000000 171.000000
225.000000 243.000000 171.000000
231.000000 243.000000 171.000000
234.000000 243.000000 171.000000
237.000000 243.000000 171.000000
240.000000 243.000000 171.000000
258.000000 243.000000 171.000000
222.000000 246.000000 171.000000
219.000000 246.000000 171.000000
225.000000 246.000000 171.000000
228.000000 246.000000 171.000000
231.000000 246.000000 171.000000
258.000000 246.000000 171.000000
186.000000 249.000000 171.000000
189.000000 249.000000 171.000000
192.000000 249.000000 171.000000
195.000000 249.000000 171.000000
198.000000 249.000000 171.000000
201.000000 249.000000 171.000000
204.000000 249.000000 171.000000
213.000000 249.000000 171.000000
210.000000 249.000000 171.000000
216.000000 249.000000 171.000000
219.000000 249.000000 171.000000
222.000000 249.000000 171.000000
225.000000 249.000000 171.000000
228.000000 249.000000 171.000000
258.000000 249.000000 171.000000
186.000000 252.000000 171.000000
189.000000 252.000000 171.000000
192.000000 252.000000 171.000000
195.000000 252.000000 171.000000
198.000000 252.000000 171.000000
201.000000 252.000000 171.000000
204.000000 252.000000 171.000000
210.000000 252.000000 171.000000
213.000000 252.000000 171.000000
258.000000 252.000000 171.000000
255.000000 252.000000 171.000000
186.000000 255.000000 171.000000
189.000000 255.000000 171.000000
192.000000 255.000000 171.000000
195.000000 255.000000 171.000000
198.000000 255.000000 171.000000
201.000000 255.000000 171.000000
204.000000 255.000000 171.000000
210.000000 255.000000 171.000000
213.000000 255.000000 171.000000
246.000000 255.000000 171.000000
243.000000 255.000000 171.000000
249.000000 255.000000 171.000000
255.000000 255.000000 171.000000
252.000000 255.000000 171.000000
186.000000 258.000000 171.000000
189.000000 258.000000 171.000000
192.000000 258.000000 171.000000
195.000000 258.000000 171.000000
198.000000 258.000000 171.000000
201.000000 258.000000 171.000000
204.000000 258.000000 171.000000
210.000000 258.000000 171.000000
213.000000 258.000000 171.000000
216.000000 258.000000 171.000000
219.000000 258.000000 171.000000
222.000000 258.000000 171.000000
225.000000 258.000000 171.000000
228.000000 258.000000 171.000000
231.000000 258.000000 171.000000
234.000000 258.000000 171.000000
237.000000 258.000000 171.000000
240.000000 258.000000 171.000000
243.000000 258.000000 171.000000
249.000000 258.000000 171.000000
252.000000 258.000000 171.000000
249.000000 234.000000 174.000000
252.000000 234.000000 174.000000
255.000000 234.000000 174.000000
258.000000 234.000000 174.000000
249.000000 237.000000 174.000000
246.000000 237.000000 174.000000
252.000000 237.000000 174.000000
255.000000 237.000000 174.000000
258.000000 237.000000 174.000000
243.000000 240.000000 174.000000
240.000000 240.000000 174.000000
246.000000 240.000000 174.000000
249.000000 240.000000 174.000000
252.000000 240.000000 174.000000
255.000000 240.000000 174.000000
258.000000 240.000000 174.000000
234.000000 243.000000 174.000000
231.000000 243.000000 174.000000
237.000000 243.000000 174.000000
240.000000 243.000000 174.000000
243.000000 243.000000 174.000000
246.000000 243.000000 174.000000
249.000000 243.000000 174.000000
252.000000 243.000000 174.000000
255.000000 243.000000 174.000000
258.000000 243.000000 174.000000
231.000000 246.000000 174.000000
228.000000 246.000000 174.000000
234.000000 246.000000 174.000000
237.000000 246.000000 174.000000
246.000000 246.000000 174.000000
243.000000 246.000000 174.000000
258.000000 246.000000 174.000000
216.000000 249.000000 174.000000
213.000000 249.000000 174.000000
219.000000 249.000000 174.000000
222.000000 249.000000 174.000000
225.000000 249.000000 174.000000
228.000000 249.000000 174.000000
231.000000 249.000000 174.000000
258.000000 249.000000 174.000000
213.000000 252.000000 174.000000
216.000000 252.000000 174.000000
219.000000 252.000000 174.000000
222.000000 252.000000 174.000000
225.000000 252.000000 174.000000
258.000000 252.000000 174.000000
255.000000 252.000000 174.000000
213.000000 255.000000 174.000000
216.000000 255.000000 174.000000
219.000000 255.000000 174.000000
222.000000 255.000000 174.000000
225.000000 255.000000 174.000000
246.000000 255.000000 174.000000
243.000000 255.000000 174.000000
249.000000 255.000000 174.000000
255.000000 255.000000 174.000000
252.000000 255.000000 174.000000
213.000000 258.000000 174.000000
216.000000 258.000000 174.000000
219.000000 258.000000 174.000000
222.000000 258.000000 174.000000
225.000000 258.000000 174.000000
228.000000 258.000000 174.000000
231.000000 258.000000 174.000000
234.000000 258.000000 174.000000
237.000000 258.000000 174.000000
240.000000 258.000000 174.000000
243.000000 258.000000 174.000000
249.000000 258.000000 174.000000
252.000000 258.000000 174.000000
240.000000 243.000000 177.000000
237.000000 243.000000 177.000000
243.000000 243.000000 177.000000
249.000000 243.000000 177.000000
246.000000 243.000000 177.000000
252.000000 243.000000 177.000000
255.000000 243.000000 177.000000
258.000000 243.000000 177.000000
234.000000 246.000000 177.000000
231.000000 246.000000 177.000000
237.000000 246.000000 177.000000
240.000000 246.000000 177.000000
243.000000 246.000000 177.000000
246.000000 246.000000 177.000000
249.000000 246.000000 177.000000
252.000000 246.000000 177.000000
255.000000 246.000000 177.000000
258.000000 246.000000 177.000000
228.000000 249.000000 177.000000
225.000000 249.000000 177.000000
231.000000 249.000000 177.000000
234.000000 249.000000 177.000000
237.000000 249.000000 177.000000
240.000000 249.000000 177.000000
243.000000 249.000000 177.000000
246.000000 249.000000 177.000000
249.000000 249.000000 177.000000
252.000000 249.000000 177.000000
255.000000 249.000000 177.000000
258.000000 249.000000 177.000000
225.000000 252.000000 177.000000
228.000000 252.000000 177.000000
231.000000 252.000000 177.000000
234.000000 252.000000 177.000000
237.000000 252.000000 177.000000
243.000000 252.000000 177.000000
240.000000 252.000000 177.000000
246.000000 252.000000 177.000000
249.000000 252.000000 177.000000
258.000000 252.000000 177.000000
255.000000 252.000000 177.000000
225.000000 255.000000 177.000000
228.000000 255.000000 177.000000
231.000000 255.000000 177.000000
234.000000 255.000000 177.000000
237.000000 255.000000 177.000000
243.000000 255.000000 177.000000
240.000000 255.000000 177.000000
246.000000 255.000000 177.000000
249.000000 255.000000 177.000000
255.000000 255.000000 177.000000
252.000000 255.000000 177.000000
252.000000 252.000000 177.000000
225.000000 258.000000 177.000000
228.000000 258.000000 177.000000
231.000000 258.000000 177.000000
234.000000 258.000000 177.000000
237.000000 258.000000 177.000000
240.000000 258.000000 177.000000
243.000000 258.000000 177.000000
249.000000 258.000000 177.000000
252.000000 258.000000 177.000000
240.000000 249.000000 180.000000
237.000000 249.000000 180.000000
252.000000 249.000000 180.000000
249.000000 249.000000 180.000000
255.000000 249.000000 180.000000
237.000000 252.000000 180.000000
240.000000 252.000000 180.000000
249.000000 252.000000 180.000000
252.000000 252.000000 180.000000
255.000000 252.000000 180.000000
237.000000 255.000000 180.000000
240.000000 255.000000 180.000000
249.000000 255.000000 180.000000
252.000000 255.000000 180.000000
237.000000 258.000000 180.000000
240.000000 258.000000 180.000000
