4 3 0
0 3 2
6 5 4
4 5 3
7 8 6
6 8 5
2 16 1
1 16 15
3 17 2
2 17 16
5 18 3
3 18 17
8 19 5
5 19 18
9 20 8
8 20 19
10 21 9
9 21 20
11 22 10
10 22 21
12 23 11
11 23 22
14 25 13
13 25 24
15 26 14
14 26 25
16 27 15
15 27 26
17 28 16
16 28 27
18 29 17
17 29 28
19 30 18
18 30 29
20 31 19
19 31 30
21 32 20
20 32 31
22 33 21
21 33 32
23 34 22
22 34 33
26 35 25
25 35 36
27 37 26
26 37 35
28 38 27
27 38 37
29 39 28
28 39 38
30 40 29
29 40 39
31 41 30
30 41 40
32 42 31
31 42 41
33 43 32
32 43 42
34 44 33
33 44 43
35 45 36
36 45 46
37 47 35
35 47 45
38 48 37
37 48 47
39 49 38
38 49 48
40 50 39
39 50 49
41 51 40
40 51 50
42 52 41
41 52 51
43 53 42
42 53 52
44 54 43
43 54 53
45 55 46
46 55 56
47 57 45
45 57 55
48 58 47
47 58 57
49 59 48
48 59 58
50 60 49
49 60 59
51 61 50
50 61 60
52 62 51
51 62 61
53 63 52
52 63 62
54 64 53
53 64 63
56 66 65
65 66 67
55 68 56
56 68 66
57 69 55
55 69 68
58 70 57
57 70 69
59 71 58
58 71 70
60 72 59
59 72 71
61 73 60
60 73 72
66 74 67
67 74 75
68 76 66
66 76 74
69 77 68
68 77 76
70 78 69
69 78 77
71 79 70
70 79 78
72 80 71
71 80 79
73 81 72
72 81 80
74 83 75
75 83 82
76 84 74
74 84 83
77 85 76
76 85 84
78 86 77
77 86 85
79 87 78
78 87 86
4 0 90
0 89 90
91 90 88
88 90 89
6 4 92
4 90 92
93 92 91
91 92 90
7 6 94
6 92 94
95 94 93
93 94 92
0 2 89
2 99 89
2 1 99
1 100 99
89 99 101
101 99 100
7 8 94
8 102 94
9 8 103
8 102 103
104 103 94
94 103 102
10 9 105
9 103 105
106 105 104
104 105 103
11 10 107
10 105 107
108 107 106
106 107 105
12 11 109
11 107 109
96 109 108
108 109 107
14 13 110
13 111 110
98 110 97
97 110 111
1 15 100
15 112 100
15 14 112
14 110 112
100 112 98
98 112 110
12 23 109
23 113 109
13 24 111
24 115 111
25 24 116
24 115 116
23 34 113
34 117 113
115 119 114
114 119 118
25 36 116
36 120 116
116 120 115
115 120 119
34 44 117
44 121 117
36 46 120
46 122 120
120 122 119
119 122 123
44 54 121
54 124 121
46 56 122
56 125 122
56 65 125
65 126 125
122 125 123
123 125 126
62 61 127
61 128 127
63 62 129
62 127 129
54 64 124
64 130 124
64 63 130
63 129 130
65 67 126
67 131 126
126 131 132
132 131 133
61 73 128
73 134 128
127 135 128
128 135 134
129 136 127
127 136 135
67 75 131
75 137 131
131 137 133
133 137 138
80 79 139
79 140 139
73 81 134
81 141 134
81 80 141
80 139 141
135 142 134
134 142 141
75 82 137
82 144 137
137 144 138
138 144 143
83 82 145
82 144 145
84 83 146
83 145 146
85 84 147
84 146 147
86 85 148
85 147 148
79 87 140
87 149 140
87 86 149
86 148 149
91 88 152
88 151 152
153 152 150
150 152 151
93 91 154
91 152 154
155 154 153
153 154 152
95 93 156
93 154 156
158 160 159
159 160 161
88 89 151
89 162 151
89 101 162
101 160 162
151 162 158
158 162 160
95 94 156
94 163 156
104 94 164
94 163 164
165 164 156
156 164 163
106 104 166
104 164 166
108 106 167
106 166 167
96 108 168
108 167 168
98 97 170
97 169 170
161 170 157
157 170 169
101 100 160
100 171 160
100 98 171
98 170 171
160 171 161
161 171 170
96 109 168
109 172 168
97 111 169
111 173 169
169 173 174
174 173 175
109 113 172
113 176 172
111 115 173
115 177 173
115 114 177
114 178 177
173 177 175
175 177 178
113 117 176
117 179 176
183 181 184
184 181 182
114 118 178
118 187 178
178 187 188
188 187 186
119 118 189
118 187 189
117 121 179
121 190 179
182 192 180
180 192 191
181 193 182
182 193 192
185 194 181
181 194 193
186 195 185
185 195 194
187 196 186
186 196 195
119 123 189
123 197 189
189 197 187
187 197 196
121 124 190
124 198 190
201 203 202
202 203 200
191 204 201
201 204 203
192 205 191
191 205 204
193 206 192
192 206 205
194 207 193
193 207 206
195 208 194
194 208 207
196 209 195
195 209 208
123 126 197
126 210 197
126 132 210
132 209 210
197 210 196
196 210 209
124 130 198
130 211 198
130 129 211
129 212 211
200 214 199
199 214 213
203 215 200
200 215 214
204 216 203
203 216 215
205 217 204
204 217 216
206 218 205
205 218 217
208 219 207
207 219 220
132 133 209
133 221 209
209 221 208
208 221 219
129 136 212
136 222 212
136 135 222
135 223 222
214 225 213
213 225 224
215 226 214
214 226 225
216 227 215
215 227 226
217 228 216
216 228 227
218 229 217
217 229 228
219 230 220
220 230 231
133 138 221
138 232 221
221 232 219
219 232 230
139 140 233
140 234 233
141 139 235
139 233 235
135 142 223
142 236 223
142 141 236
141 235 236
225 238 224
224 238 237
228 240 227
227 240 239
229 241 228
228 241 240
230 243 231
231 243 242
138 143 232
143 244 232
232 244 230
230 244 243
144 143 245
143 244 245
145 144 246
144 245 246
146 145 247
145 246 247
147 146 248
146 247 248
148 147 249
147 248 249
140 149 234
149 250 234
149 148 250
148 249 250
153 150 256
150 255 256
252 256 251
251 256 255
155 153 257
153 256 257
253 257 252
252 257 256
254 258 253
253 258 257
158 159 260
159 261 260
150 151 255
151 262 255
151 158 262
158 260 262
255 262 263
263 262 260
155 154 257
154 264 257
156 154 265
154 264 265
258 265 257
257 265 264
165 156 266
156 265 266
267 266 258
258 266 265
259 269 270
270 269 271
159 161 261
161 272 261
161 157 272
157 269 272
261 272 259
259 272 269
165 164 266
164 273 266
166 164 274
164 273 274
275 274 266
266 274 273
167 166 276
166 274 276
277 276 275
275 276 274
168 167 278
167 276 278
268 278 277
277 278 276
271 280 279
279 280 281
157 169 269
169 282 269
169 174 282
174 280 282
269 282 271
271 282 280
168 172 278
172 283 278
281 285 284
284 285 286
174 175 280
175 287 280
280 287 281
281 287 285
172 176 283
176 288 283
183 184 291
184 292 291
293 291 294
294 291 292
286 295 293
293 295 291
285 296 286
286 296 295
175 178 287
178 297 287
178 188 297
188 296 297
287 297 285
285 297 296
176 179 288
179 298 288
290 299 289
289 299 300
184 182 292
182 301 292
182 180 301
180 299 301
292 301 290
290 301 299
183 181 291
181 302 291
185 181 303
181 302 303
295 303 291
291 303 302
188 186 296
186 304 296
186 185 304
185 303 304
296 304 295
295 304 303
179 190 298
190 305 298
201 202 306
202 307 306
300 306 308
308 306 307
180 191 299
191 309 299
191 201 309
201 306 309
299 309 300
300 309 306
190 198 305
198 310 305
202 200 307
200 313 307
200 199 313
199 314 313
307 313 315
315 313 314
207 206 316
206 317 316
198 211 310
211 318 310
211 212 318
212 319 318
312 320 311
311 320 321
199 213 314
213 322 314
314 322 312
312 322 320
206 218 317
218 323 317
207 220 316
220 324 316
316 324 317
317 324 323
212 222 319
222 325 319
222 223 325
223 326 325
320 327 321
321 327 328
213 224 322
224 329 322
322 329 320
320 329 327
226 225 330
225 331 330
227 226 332
226 330 332
218 229 323
229 333 323
220 231 324
231 334 324
324 334 323
323 334 333
233 234 335
234 336 335
235 233 337
233 335 337
223 236 326
236 338 326
236 235 338
235 337 338
327 340 328
328 340 339
224 237 329
237 341 329
329 341 327
327 341 340
225 238 331
238 342 331
238 237 342
237 341 342
227 239 332
239 343 332
240 239 344
239 343 344
229 241 333
241 345 333
241 240 345
240 344 345
231 242 334
242 346 334
334 346 333
333 346 345
243 242 347
242 346 347
244 243 348
243 347 348
245 244 349
244 348 349
246 245 350
245 349 350
247 246 351
246 350 351
248 247 352
247 351 352
249 248 353
248 352 353
234 250 336
250 354 336
250 249 354
249 353 354
252 251 356
251 355 356
253 252 357
252 356 357
254 253 358
253 357 358
251 255 355
255 360 355
255 263 360
263 361 360
355 360 362
362 360 361
254 258 358
258 363 358
358 363 357
357 363 364
267 258 365
258 363 365
259 270 366
270 367 366
261 259 368
259 366 368
369 368 359
359 368 366
263 260 361
260 370 361
260 261 370
261 368 370
361 370 369
369 370 368
267 266 365
266 371 365
275 266 372
266 371 372
277 275 373
275 372 373
268 277 374
277 373 374
270 271 367
271 375 367
271 279 375
279 376 375
268 278 374
278 377 374
279 281 376
281 378 376
281 284 378
284 379 378
278 283 377
283 380 377
293 294 381
294 382 381
284 286 379
286 383 379
286 293 383
293 381 383
379 383 384
384 383 381
283 288 380
288 385 380
290 289 388
289 387 388
294 292 382
292 389 382
292 290 389
290 388 389
288 298 385
298 390 385
289 300 387
300 393 387
300 308 393
308 392 393
387 393 386
386 393 392
388 394 387
387 394 393
298 305 390
305 395 390
308 307 392
307 399 392
307 315 399
315 398 399
392 399 391
391 399 398
305 310 395
310 400 395
312 311 404
311 403 404
397 404 396
396 404 403
315 314 398
314 405 398
314 312 405
312 404 405
398 405 397
397 405 404
310 318 400
318 406 400
318 319 406
319 407 406
402 408 401
401 408 409
311 321 403
321 410 403
403 410 402
402 410 408
319 325 407
325 411 407
325 326 411
326 412 411
408 413 409
409 413 414
321 328 410
328 415 410
410 415 408
408 415 413
330 331 416
331 417 416
332 330 418
330 416 418
335 336 419
336 420 419
337 335 421
335 419 421
326 338 412
338 422 412
338 337 422
337 421 422
413 424 414
414 424 423
328 339 415
339 425 415
415 425 413
413 425 424
340 339 426
339 425 426
341 340 427
340 426 427
331 342 417
342 428 417
342 341 428
341 427 428
332 343 418
343 429 418
344 343 430
343 429 430
345 344 431
344 430 431
346 345 432
345 431 432
347 346 433
346 432 433
348 347 434
347 433 434
349 348 435
348 434 435
350 349 436
349 435 436
351 350 437
350 436 437
352 351 438
351 437 438
353 352 439
352 438 439
336 354 420
354 440 420
354 353 440
353 439 440
442 447 441
441 447 446
444 448 442
442 448 447
355 362 449
362 448 449
443 449 444
444 449 448
356 355 450
355 449 450
451 450 443
443 450 449
357 356 452
356 450 452
446 454 445
445 454 453
369 359 455
359 454 455
447 455 446
446 455 454
362 361 448
361 456 448
361 369 456
369 455 456
448 456 447
447 456 455
357 364 452
364 457 452
363 364 458
364 457 458
459 458 452
452 458 457
365 363 460
363 458 460
453 461 462
462 461 463
359 366 454
366 464 454
366 367 464
367 461 464
454 464 453
453 464 461
365 371 460
371 465 460
372 371 466
371 465 466
373 372 467
372 466 467
374 373 468
373 467 468
367 375 461
375 469 461
375 376 469
376 470 469
461 469 463
463 469 470
374 377 468
377 471 468
379 384 472
384 473 472
376 378 470
378 474 470
378 379 474
379 472 474
470 474 475
475 474 472
377 380 471
380 476 471
384 381 473
381 477 473
381 382 477
382 478 477
473 477 479
479 477 478
380 385 476
385 480 476
387 386 483
386 481 483
382 389 478
389 484 478
389 388 484
388 485 484
478 484 486
486 484 485
385 390 480
390 487 480
386 392 481
392 488 481
392 391 488
391 489 488
481 488 482
482 488 489
387 393 483
393 490 483
388 394 485
394 491 485
394 393 491
393 490 491
485 491 483
483 491 490
390 395 487
395 492 487
397 396 493
396 494 493
391 398 489
398 495 489
398 397 495
397 493 495
489 495 496
496 495 493
395 400 492
400 497 492
402 401 499
401 498 499
396 403 494
403 500 494
403 402 500
402 499 500
400 406 497
406 501 497
406 407 501
407 502 501
401 409 498
409 503 498
407 411 502
411 504 502
411 412 504
412 505 504
409 414 503
414 506 503
416 417 507
417 508 507
418 416 509
416 507 509
419 420 510
420 511 510
421 419 512
419 510 512
412 422 505
422 513 505
422 421 513
421 512 513
414 423 506
423 514 506
424 423 515
423 514 515
425 424 516
424 515 516
426 425 517
425 516 517
427 426 518
426 517 518
417 428 508
428 519 508
428 427 519
427 518 519
418 429 509
429 520 509
430 429 521
429 520 521
431 430 522
430 521 522
432 431 523
431 522 523
433 432 524
432 523 524
434 433 525
433 524 525
435 434 526
434 525 526
436 435 527
435 526 527
437 436 528
436 527 528
438 437 529
437 528 529
439 438 530
438 529 530
420 440 511
440 531 511
440 439 531
439 530 531
442 441 535
441 536 535
444 442 537
442 535 537
443 444 538
444 537 538
533 538 532
532 538 537
451 443 539
443 538 539
534 539 533
533 539 538
441 446 536
446 543 536
446 445 543
445 542 543
451 450 539
450 544 539
452 450 545
450 544 545
540 545 539
539 545 544
459 452 546
452 545 546
445 453 542
453 547 542
453 462 547
462 548 547
542 547 541
541 547 548
459 458 546
458 549 546
460 458 550
458 549 550
551 550 546
546 550 549
462 463 548
463 553 548
460 465 550
465 554 550
466 465 555
465 554 555
556 555 550
550 555 554
467 466 557
466 555 557
558 557 556
556 557 555
468 467 559
467 557 559
552 559 558
558 559 557
463 470 553
470 560 553
470 475 560
475 561 560
553 560 562
562 560 561
468 471 559
471 563 559
473 479 564
479 565 564
475 472 561
472 566 561
472 473 566
473 564 566
561 566 567
567 566 564
471 476 563
476 568 563
479 478 565
478 569 565
478 486 569
486 570 569
476 480 568
480 571 568
481 482 573
482 572 573
483 481 574
481 573 574
486 485 570
485 575 570
485 483 575
483 574 575
480 487 571
487 576 571
482 489 572
489 577 572
489 496 577
496 578 577
573 579 572
572 579 577
574 580 573
573 580 579
487 492 576
492 581 576
496 493 578
493 582 578
493 494 582
494 583 582
578 582 584
584 582 583
492 497 581
497 585 581
499 498 586
498 587 586
494 500 583
500 588 583
500 499 588
499 586 588
583 588 589
589 588 586
497 501 585
501 590 585
501 502 590
502 591 590
498 503 587
503 592 587
502 504 591
504 593 591
504 505 593
505 594 593
503 506 592
506 595 592
507 508 596
508 597 596
509 507 598
507 596 598
510 511 599
511 600 599
512 510 601
510 599 601
505 513 594
513 602 594
513 512 602
512 601 602
506 514 595
514 603 595
515 514 604
514 603 604
516 515 605
515 604 605
517 516 606
516 605 606
518 517 607
517 606 607
508 519 597
519 608 597
519 518 608
518 607 608
509 520 598
520 609 598
521 520 610
520 609 610
522 521 611
521 610 611
523 522 612
522 611 612
524 523 613
523 612 613
525 524 614
524 613 614
526 525 615
525 614 615
527 526 616
526 615 616
528 527 617
527 616 617
529 528 618
528 617 618
530 529 619
529 618 619
511 531 600
531 620 600
531 530 620
530 619 620
533 532 622
532 621 622
534 533 623
533 622 623
535 536 626
536 627 626
532 537 621
537 628 621
537 535 628
535 626 628
534 539 623
539 629 623
540 539 630
539 629 630
625 630 623
623 630 629
624 631 625
625 631 630
542 541 634
541 633 634
536 543 627
543 635 627
543 542 635
542 634 635
626 636 627
627 636 635
540 545 630
545 637 630
546 545 638
545 637 638
631 638 630
630 638 637
551 546 639
546 638 639
632 639 631
631 639 638
541 548 633
548 643 633
634 645 633
633 645 643
551 550 639
550 646 639
556 550 647
550 646 647
640 647 639
639 647 646
558 556 648
556 647 648
641 648 640
640 648 647
552 558 649
558 648 649
642 649 641
641 649 648
548 553 643
553 650 643
553 562 650
562 651 650
643 650 644
644 650 651
552 559 649
559 652 649
562 561 651
561 653 651
561 567 653
567 654 653
651 653 655
655 653 654
559 563 652
563 656 652
567 564 654
564 657 654
564 565 657
565 658 657
563 568 656
568 659 656
565 569 658
569 660 658
569 570 660
570 661 660
568 571 659
571 662 659
570 575 661
575 665 661
575 574 665
574 666 665
571 576 662
576 667 662
578 584 668
584 669 668
663 668 664
664 668 669
577 578 670
578 668 670
579 577 671
577 670 671
672 671 673
673 671 670
574 580 666
580 674 666
580 579 674
579 671 674
666 674 672
672 674 671
576 581 667
581 675 667
676 678 677
677 678 679
584 583 669
583 680 669
583 589 680
589 678 680
669 680 676
676 680 678
581 585 675
585 681 675
679 683 682
682 683 684
589 586 678
586 685 678
586 587 685
587 683 685
678 685 679
679 685 683
585 590 681
590 686 681
590 591 686
591 687 686
684 690 688
688 690 689
587 592 683
592 691 683
683 691 684
684 691 690
591 593 687
593 692 687
593 594 692
594 693 692
690 695 689
689 695 694
592 595 691
595 696 691
691 696 690
690 696 695
596 597 697
597 698 697
598 596 699
596 697 699
599 600 700
600 701 700
601 599 702
599 700 702
594 602 693
602 703 693
602 601 703
601 702 703
695 705 694
694 705 704
595 603 696
603 706 696
696 706 695
695 706 705
604 603 707
603 706 707
605 604 708
604 707 708
606 605 709
605 708 709
607 606 710
606 709 710
597 608 698
608 711 698
608 607 711
607 710 711
598 609 699
609 712 699
610 609 713
609 712 713
611 610 714
610 713 714
612 611 715
611 714 715
613 612 716
612 715 716
614 613 717
613 716 717
615 614 718
614 717 718
616 615 719
615 718 719
617 616 720
616 719 720
618 617 721
617 720 721
619 618 722
618 721 722
600 620 701
620 723 701
620 619 723
619 722 723
622 621 725
621 724 725
623 622 726
622 725 726
625 623 727
623 726 727
624 625 728
625 727 728
621 628 724
628 729 724
628 626 729
626 730 729
727 731 726
726 731 732
624 631 728
631 733 728
728 733 727
727 733 731
632 631 734
631 733 734
635 634 736
634 737 736
626 636 730
636 738 730
636 635 738
635 736 738
730 738 739
739 738 736
632 639 734
639 740 734
640 639 741
639 740 741
641 640 742
640 741 742
642 641 743
641 742 743
643 644 745
644 744 745
746 745 735
735 745 744
634 645 737
645 747 737
645 643 747
643 745 747
737 747 746
746 747 745
642 649 743
649 748 743
644 651 744
651 749 744
651 655 749
655 750 749
649 652 748
652 751 748
655 654 750
654 752 750
652 656 751
656 753 751
654 657 752
657 754 752
657 658 754
658 755 754
752 754 756
756 754 755
656 659 753
659 757 753
658 660 755
660 761 755
660 661 761
661 762 761
755 761 763
763 761 762
659 662 757
662 764 757
758 765 759
759 765 766
760 767 758
758 767 765
663 664 768
664 767 768
769 768 760
760 768 767
770 771 769
769 771 768
672 673 772
673 771 772
773 772 770
770 772 771
666 672 774
672 772 774
661 665 762
665 775 762
665 666 775
666 774 775
762 775 776
776 775 774
662 667 764
667 777 764
766 779 778
778 779 780
676 677 781
677 779 781
765 781 766
766 781 779
664 669 767
669 782 767
669 676 782
676 781 782
767 782 765
765 782 781
663 668 768
668 783 768
673 670 771
670 784 771
670 668 784
668 783 784
771 784 768
768 784 783
667 675 777
675 785 777
677 679 779
679 786 779
679 682 786
682 787 786
779 786 780
780 786 787
675 681 785
681 788 785
682 684 787
684 792 787
684 688 792
688 790 792
787 792 791
791 792 790
681 686 788
686 793 788
686 687 793
687 794 793
688 689 790
689 795 790
790 795 789
789 795 796
687 692 794
692 797 794
692 693 797
693 798 797
689 694 795
694 799 795
795 799 796
796 799 800
697 698 801
698 802 801
699 697 803
697 801 803
700 701 804
701 805 804
702 700 806
700 804 806
693 703 798
703 807 798
703 702 807
702 806 807
694 704 799
704 809 799
799 809 800
800 809 808
705 704 810
704 809 810
706 705 811
705 810 811
707 706 812
706 811 812
708 707 813
707 812 813
709 708 814
708 813 814
710 709 815
709 814 815
698 711 802
711 816 802
711 710 816
710 815 816
699 712 803
712 817 803
713 712 818
712 817 818
714 713 819
713 818 819
715 714 820
714 819 820
716 715 821
715 820 821
717 716 822
716 821 822
718 717 823
717 822 823
719 718 824
718 823 824
720 719 825
719 824 825
721 720 826
720 825 826
722 721 827
721 826 827
701 723 805
723 828 805
723 722 828
722 827 828
725 724 829
724 830 829
726 725 831
725 829 831
730 739 832
739 833 832
724 729 830
729 834 830
729 730 834
730 832 834
829 835 830
830 835 834
726 732 831
732 836 831
831 836 829
829 836 835
731 732 837
732 836 837
733 731 838
731 837 838
734 733 839
733 838 839
746 735 841
735 840 841
737 746 842
746 841 842
739 736 833
736 843 833
736 737 843
737 842 843
832 844 833
833 844 843
834 845 832
832 845 844
835 846 834
834 846 845
836 847 835
835 847 846
837 848 836
836 848 847
838 849 837
837 849 848
734 740 839
740 850 839
839 850 838
838 850 849
741 740 851
740 850 851
742 741 852
741 851 852
743 742 853
742 852 853
735 744 840
744 854 840
841 855 840
840 855 854
842 856 841
841 856 855
843 857 842
842 857 856
844 858 843
843 858 857
850 859 849
849 859 860
851 861 850
850 861 859
852 862 851
851 862 861
743 748 853
748 863 853
853 863 852
852 863 862
744 749 854
749 865 854
749 750 865
750 864 865
855 866 854
854 866 865
856 867 855
855 867 866
857 868 856
856 868 867
859 869 860
860 869 870
861 871 859
859 871 869
862 872 861
861 872 871
748 751 863
751 873 863
863 873 862
862 873 872
750 752 864
752 875 864
752 756 875
756 874 875
865 876 864
864 876 875
866 877 865
865 877 876
867 878 866
866 878 877
868 879 867
867 879 878
871 880 869
869 880 881
872 882 871
871 882 880
751 753 873
753 883 873
873 883 872
872 883 882
756 755 874
755 885 874
755 763 885
763 884 885
875 886 874
874 886 885
876 887 875
875 887 886
877 888 876
876 888 887
878 889 877
877 889 888
879 890 878
878 890 889
753 757 883
757 891 883
758 759 893
759 892 893
760 758 894
758 893 894
769 760 895
760 894 895
770 769 896
769 895 896
773 770 897
770 896 897
763 762 884
762 898 884
762 776 898
776 899 898
885 900 884
884 900 898
886 901 885
885 901 900
887 902 886
886 902 901
888 903 887
887 903 902
889 904 888
888 904 903
757 764 891
764 905 891
759 766 892
766 906 892
766 778 906
778 907 906
893 908 892
892 908 906
895 909 894
894 909 910
896 911 895
895 911 909
773 772 897
772 912 897
897 912 896
896 912 911
776 774 899
774 913 899
774 772 913
772 912 913
898 914 899
899 914 913
900 915 898
898 915 914
901 916 900
900 916 915
902 917 901
901 917 916
903 918 902
902 918 917
764 777 905
777 919 905
778 780 907
780 920 907
913 921 912
912 921 922
914 923 913
913 923 921
915 924 914
914 924 923
916 925 915
915 925 924
917 926 916
916 926 925
918 927 917
917 927 926
777 785 919
785 928 919
780 787 920
787 930 920
787 791 930
791 929 930
920 930 931
931 930 929
785 788 928
788 932 928
791 790 929
790 933 929
790 789 933
789 934 933
788 793 932
793 935 932
793 794 935
794 936 935
789 796 934
796 937 934
794 797 936
797 938 936
797 798 938
798 939 938
935 940 936
936 940 938
796 800 937
800 941 937
801 802 942
802 943 942
803 801 944
801 942 944
804 805 945
805 946 945
806 804 947
804 945 947
798 807 939
807 948 939
807 806 948
806 947 948
938 949 939
939 949 948
800 808 941
808 950 941
809 808 951
808 950 951
810 809 952
809 951 952
811 810 953
810 952 953
812 811 954
811 953 954
813 812 955
812 954 955
814 813 956
813 955 956
815 814 957
814 956 957
802 816 943
816 958 943
816 815 958
815 957 958
803 817 944
817 959 944
818 817 960
817 959 960
819 818 961
818 960 961
820 819 962
819 961 962
821 820 963
820 962 963
822 821 964
821 963 964
823 822 965
822 964 965
824 823 966
823 965 966
825 824 967
824 966 967
826 825 968
825 967 968
827 826 969
826 968 969
805 828 946
828 970 946
828 827 970
827 969 970
948 971 947
947 971 972
845 844 974
844 973 974
846 845 975
845 974 975
847 846 976
846 975 976
848 847 977
847 976 977
849 848 978
848 977 978
844 858 973
858 980 973
858 857 980
857 979 980
974 981 973
973 981 980
975 982 974
974 982 981
977 983 976
976 983 984
849 860 978
860 985 978
978 985 977
977 985 983
857 868 979
868 986 979
980 987 979
979 987 986
981 988 980
980 988 987
983 989 984
984 989 990
860 870 985
870 991 985
985 991 983
983 991 989
869 870 992
870 991 992
868 879 986
879 993 986
987 994 986
986 994 993
988 995 987
987 995 994
869 881 992
881 996 992
992 996 991
991 996 997
880 881 998
881 996 998
882 880 999
880 998 999
883 882 1000
882 999 1000
879 890 993
890 1001 993
890 889 1001
889 1002 1001
994 1003 993
993 1003 1001
995 1004 994
994 1004 1003
998 1005 996
996 1005 1006
999 1007 998
998 1007 1005
883 891 1000
891 1008 1000
1000 1008 999
999 1008 1007
894 893 1009
893 1010 1009
889 904 1002
904 1011 1002
904 903 1011
903 1012 1011
1001 1013 1002
1002 1013 1011
1003 1014 1001
1001 1014 1013
891 905 1008
905 1015 1008
906 907 1017
907 1016 1017
893 908 1010
908 1018 1010
908 906 1018
906 1017 1018
894 910 1009
910 1019 1009
1009 1019 1010
1010 1019 1018
909 910 1020
910 1019 1020
911 909 1021
909 1020 1021
912 911 1022
911 1021 1022
903 918 1012
918 1023 1012
1011 1024 1012
1012 1024 1023
905 919 1015
919 1025 1015
907 920 1016
920 1027 1016
920 931 1027
931 1026 1027
1017 1028 1016
1016 1028 1027
1018 1029 1017
1017 1029 1028
1019 1030 1018
1018 1030 1029
1020 1031 1019
1019 1031 1030
1021 1032 1020
1020 1032 1031
912 922 1022
922 1033 1022
921 922 1034
922 1033 1034
1035 1034 1022
1022 1034 1033
923 921 1036
921 1034 1036
924 923 1037
923 1036 1037
925 924 1038
924 1037 1038
926 925 1039
925 1038 1039
918 927 1023
927 1040 1023
927 926 1040
926 1039 1040
919 928 1025
928 1041 1025
931 929 1026
929 1042 1026
1027 1043 1026
1026 1043 1042
1039 1044 1038
1038 1044 1045
1040 1046 1039
1039 1046 1044
928 932 1041
932 1047 1041
929 933 1042
933 1048 1042
933 934 1048
934 1049 1048
932 935 1047
935 1050 1047
934 937 1049
937 1051 1049
935 940 1050
940 1052 1050
940 938 1052
938 1053 1052
937 941 1051
941 1054 1051
942 943 1055
943 1056 1055
944 942 1057
942 1055 1057
945 946 1058
946 1059 1058
947 945 1060
945 1058 1060
938 949 1053
949 1061 1053
949 948 1061
948 1062 1061
941 950 1054
950 1063 1054
951 950 1064
950 1063 1064
952 951 1065
951 1064 1065
953 952 1066
952 1065 1066
954 953 1067
953 1066 1067
955 954 1068
954 1067 1068
956 955 1069
955 1068 1069
957 956 1070
956 1069 1070
943 958 1056
958 1071 1056
958 957 1071
957 1070 1071
944 959 1057
959 1072 1057
960 959 1073
959 1072 1073
961 960 1074
960 1073 1074
962 961 1075
961 1074 1075
963 962 1076
962 1075 1076
964 963 1077
963 1076 1077
965 964 1078
964 1077 1078
966 965 1079
965 1078 1079
967 966 1080
966 1079 1080
968 967 1081
967 1080 1081
969 968 1082
968 1081 1082
946 970 1059
970 1083 1059
970 969 1083
969 1082 1083
947 972 1060
972 1084 1060
948 971 1062
971 1085 1062
971 972 1085
972 1084 1085
976 975 1087
975 1086 1087
975 982 1086
982 1089 1086
982 981 1089
981 1088 1089
976 984 1087
984 1090 1087
1087 1090 1086
1086 1090 1089
981 988 1088
988 1091 1088
1089 1092 1088
1088 1092 1091
984 990 1090
990 1093 1090
1090 1093 1089
1089 1093 1092
989 990 1094
990 1093 1094
991 989 1095
989 1094 1095
988 995 1091
995 1096 1091
1092 1097 1091
1091 1097 1096
1093 1098 1092
1092 1098 1097
1094 1099 1093
1093 1099 1098
991 997 1095
997 1100 1095
1095 1100 1094
1094 1100 1099
996 997 1101
997 1100 1101
995 1004 1096
1004 1102 1096
1004 1003 1102
1003 1103 1102
1097 1104 1096
1096 1104 1102
1098 1105 1097
1097 1105 1104
1099 1106 1098
1098 1106 1105
1100 1107 1099
1099 1107 1106
996 1006 1101
1006 1108 1101
1101 1108 1100
1100 1108 1107
1005 1006 1109
1006 1108 1109
1007 1005 1110
1005 1109 1110
1008 1007 1111
1007 1110 1111
1013 1011 1112
1011 1113 1112
1003 1014 1103
1014 1114 1103
1014 1013 1114
1013 1112 1114
1102 1115 1103
1103 1115 1114
1104 1116 1102
1102 1116 1115
1105 1117 1104
1104 1117 1116
1008 1015 1111
1015 1118 1111
1022 1021 1119
1021 1120 1119
1035 1022 1121
1022 1119 1121
1011 1024 1113
1024 1122 1113
1024 1023 1122
1023 1123 1122
1112 1124 1113
1113 1124 1122
1114 1125 1112
1112 1125 1124
1115 1126 1114
1114 1126 1125
1116 1127 1115
1115 1127 1126
1015 1025 1118
1025 1128 1118
1028 1027 1129
1027 1130 1129
1029 1028 1131
1028 1129 1131
1030 1029 1132
1029 1131 1132
1031 1030 1133
1030 1132 1133
1021 1032 1120
1032 1134 1120
1032 1031 1134
1031 1133 1134
1119 1135 1120
1120 1135 1134
1035 1034 1121
1034 1136 1121
1121 1136 1119
1119 1136 1135
1036 1034 1137
1034 1136 1137
1037 1036 1138
1036 1137 1138
1038 1037 1139
1037 1138 1139
1023 1040 1123
1040 1140 1123
1122 1141 1123
1123 1141 1140
1124 1142 1122
1122 1142 1141
1125 1143 1124
1124 1143 1142
1025 1041 1128
1041 1144 1128
1027 1043 1130
1043 1145 1130
1043 1042 1145
1042 1146 1145
1129 1147 1130
1130 1147 1145
1133 1148 1132
1132 1148 1149
1134 1150 1133
1133 1150 1148
1135 1151 1134
1134 1151 1150
1136 1152 1135
1135 1152 1151
1137 1153 1136
1136 1153 1152
1138 1154 1137
1137 1154 1153
1038 1045 1139
1045 1155 1139
1139 1155 1138
1138 1155 1154
1044 1045 1156
1045 1155 1156
1040 1046 1140
1046 1157 1140
1046 1044 1157
1044 1156 1157
1141 1158 1140
1140 1158 1157
1041 1047 1144
1047 1159 1144
1042 1048 1146
1048 1161 1146
1048 1049 1161
1049 1160 1161
1145 1162 1146
1146 1162 1161
1150 1163 1148
1148 1163 1164
1151 1165 1150
1150 1165 1163
1152 1166 1151
1151 1166 1165
1153 1167 1152
1152 1167 1166
1154 1168 1153
1153 1168 1167
1155 1169 1154
1154 1169 1168
1156 1170 1155
1155 1170 1169
1157 1171 1156
1156 1171 1170
1047 1050 1159
1050 1172 1159
1049 1051 1160
1051 1173 1160
1161 1174 1160
1160 1174 1173
1166 1175 1165
1165 1175 1176
1167 1177 1166
1166 1177 1175
1050 1052 1172
1052 1178 1172
1052 1053 1178
1053 1179 1178
1051 1054 1173
1054 1180 1173
1174 1181 1173
1173 1181 1180
1055 1056 1182
1056 1183 1182
1175 1182 1176
1176 1182 1183
1057 1055 1184
1055 1182 1184
1177 1184 1175
1175 1184 1182
1058 1059 1185
1059 1186 1185
1060 1058 1187
1058 1185 1187
1053 1061 1179
1061 1188 1179
1061 1062 1188
1062 1189 1188
1054 1063 1180
1063 1190 1180
1064 1063 1191
1063 1190 1191
1181 1191 1180
1180 1191 1190
1065 1064 1192
1064 1191 1192
1066 1065 1193
1065 1192 1193
1067 1066 1194
1066 1193 1194
1068 1067 1195
1067 1194 1195
1069 1068 1196
1068 1195 1196
1070 1069 1197
1069 1196 1197
1056 1071 1183
1071 1198 1183
1071 1070 1198
1070 1197 1198
1057 1072 1184
1072 1199 1184
1073 1072 1200
1072 1199 1200
1074 1073 1201
1073 1200 1201
1075 1074 1202
1074 1201 1202
1076 1075 1203
1075 1202 1203
1077 1076 1204
1076 1203 1204
1078 1077 1205
1077 1204 1205
1079 1078 1206
1078 1205 1206
1080 1079 1207
1079 1206 1207
1081 1080 1208
1080 1207 1208
1082 1081 1209
1081 1208 1209
1059 1083 1186
1083 1210 1186
1083 1082 1210
1082 1209 1210
1060 1084 1187
1084 1211 1187
1062 1085 1189
1085 1212 1189
1085 1084 1212
1084 1211 1212
1106 1105 1213
1105 1214 1213
1107 1106 1215
1106 1213 1215
1108 1107 1216
1107 1215 1216
1109 1108 1217
1108 1216 1217
1110 1109 1218
1109 1217 1218
1111 1110 1219
1110 1218 1219
1105 1117 1214
1117 1220 1214
1117 1116 1220
1116 1221 1220
1111 1118 1219
1118 1222 1219
1126 1125 1223
1125 1224 1223
1116 1127 1221
1127 1225 1221
1127 1126 1225
1126 1223 1225
1118 1128 1222
1128 1226 1222
1131 1129 1228
1129 1227 1228
1132 1131 1229
1131 1228 1229
1142 1141 1230
1141 1231 1230
1125 1143 1224
1143 1232 1224
1143 1142 1232
1142 1230 1232
1128 1144 1226
1144 1233 1226
1129 1147 1227
1147 1234 1227
1147 1145 1234
1145 1235 1234
1228 1236 1227
1227 1236 1234
1132 1149 1229
1149 1237 1229
1229 1237 1228
1228 1237 1236
1148 1149 1238
1149 1237 1238
1141 1158 1231
1158 1239 1231
1158 1157 1239
1157 1240 1239
1144 1159 1233
1159 1241 1233
1145 1162 1235
1162 1242 1235
1162 1161 1242
1161 1243 1242
1234 1244 1235
1235 1244 1242
1236 1245 1234
1234 1245 1244
1237 1246 1236
1236 1246 1245
1148 1164 1238
1164 1247 1238
1238 1247 1237
1237 1247 1246
1163 1164 1248
1164 1247 1248
1165 1163 1249
1163 1248 1249
1168 1167 1250
1167 1251 1250
1169 1168 1252
1168 1250 1252
1170 1169 1253
1169 1252 1253
1157 1171 1240
1171 1254 1240
1171 1170 1254
1170 1253 1254
1240 1254 1255
1255 1254 1253
1159 1172 1241
1172 1256 1241
1161 1174 1243
1174 1257 1243
1242 1258 1243
1243 1258 1257
1165 1176 1249
1176 1259 1249
1167 1177 1251
1177 1260 1251
1172 1178 1256
1178 1261 1256
1178 1179 1261
1179 1262 1261
1174 1181 1257
1181 1263 1257
1258 1264 1257
1257 1264 1263
1176 1183 1259
1183 1265 1259
1177 1184 1260
1184 1266 1260
1185 1186 1267
1186 1268 1267
1187 1185 1269
1185 1267 1269
1179 1188 1262
1188 1270 1262
1188 1189 1270
1189 1271 1270
1181 1191 1263
1191 1272 1263
1192 1191 1273
1191 1272 1273
1264 1273 1263
1263 1273 1272
1193 1192 1274
1192 1273 1274
1194 1193 1275
1193 1274 1275
1195 1194 1276
1194 1275 1276
1196 1195 1277
1195 1276 1277
1197 1196 1278
1196 1277 1278
1183 1198 1265
1198 1279 1265
1198 1197 1279
1197 1278 1279
1184 1199 1266
1199 1280 1266
1200 1199 1281
1199 1280 1281
1201 1200 1282
1200 1281 1282
1202 1201 1283
1201 1282 1283
1203 1202 1284
1202 1283 1284
1204 1203 1285
1203 1284 1285
1205 1204 1286
1204 1285 1286
1206 1205 1287
1205 1286 1287
1207 1206 1288
1206 1287 1288
1208 1207 1289
1207 1288 1289
1209 1208 1290
1208 1289 1290
1186 1210 1268
1210 1291 1268
1210 1209 1291
1209 1290 1291
1187 1211 1269
1211 1292 1269
1189 1212 1271
1212 1293 1271
1212 1211 1293
1211 1292 1293
1213 1214 1294
1214 1295 1294
1215 1213 1296
1213 1294 1296
1216 1215 1297
1215 1296 1297
1217 1216 1298
1216 1297 1298
1218 1217 1299
1217 1298 1299
1219 1218 1300
1218 1299 1300
1214 1220 1295
1220 1301 1295
1220 1221 1301
1221 1302 1301
1294 1303 1295
1295 1303 1301
1296 1304 1294
1294 1304 1303
1297 1305 1296
1296 1305 1304
1219 1222 1300
1222 1306 1300
1223 1224 1307
1224 1308 1307
1221 1225 1302
1225 1309 1302
1225 1223 1309
1223 1307 1309
1301 1310 1302
1302 1310 1309
1303 1311 1301
1301 1311 1310
1304 1312 1303
1303 1312 1311
1222 1226 1306
1226 1313 1306
1230 1231 1314
1231 1315 1314
1224 1232 1308
1232 1316 1308
1232 1230 1316
1230 1314 1316
1307 1317 1308
1308 1317 1316
1309 1318 1307
1307 1318 1317
1310 1319 1309
1309 1319 1318
1226 1233 1313
1233 1320 1313
1240 1255 1321
1255 1322 1321
1231 1239 1315
1239 1323 1315
1239 1240 1323
1240 1321 1323
1314 1324 1315
1315 1324 1323
1316 1325 1314
1314 1325 1324
1233 1241 1320
1241 1326 1320
1244 1242 1328
1242 1327 1328
1245 1244 1329
1244 1328 1329
1246 1245 1330
1245 1329 1330
1247 1246 1331
1246 1330 1331
1248 1247 1332
1247 1331 1332
1249 1248 1333
1248 1332 1333
1250 1251 1334
1251 1335 1334
1252 1250 1336
1250 1334 1336
1255 1253 1322
1253 1337 1322
1253 1252 1337
1252 1336 1337
1321 1338 1322
1322 1338 1337
1323 1339 1321
1321 1339 1338
1324 1340 1323
1323 1340 1339
1241 1256 1326
1256 1341 1326
1242 1258 1327
1258 1342 1327
1328 1343 1327
1327 1343 1342
1329 1344 1328
1328 1344 1343
1330 1345 1329
1329 1345 1344
1331 1346 1330
1330 1346 1345
1332 1347 1331
1331 1347 1346
1249 1259 1333
1259 1348 1333
1333 1348 1332
1332 1348 1347
1251 1260 1335
1260 1349 1335
1334 1350 1335
1335 1350 1349
1256 1261 1341
1261 1351 1341
1261 1262 1351
1262 1352 1351
1258 1264 1342
1264 1353 1342
1343 1354 1342
1342 1354 1353
1344 1355 1343
1343 1355 1354
1345 1356 1344
1344 1356 1355
1346 1357 1345
1345 1357 1356
1347 1358 1346
1346 1358 1357
1259 1265 1348
1265 1359 1348
1348 1359 1347
1347 1359 1358
1260 1266 1349
1266 1360 1349
1350 1361 1349
1349 1361 1360
1267 1268 1362
1268 1363 1362
1269 1267 1364
1267 1362 1364
1262 1270 1352
1270 1365 1352
1270 1271 1365
1271 1366 1365
1264 1273 1353
1273 1367 1353
1274 1273 1368
1273 1367 1368
1354 1368 1353
1353 1368 1367
1275 1274 1369
1274 1368 1369
1355 1369 1354
1354 1369 1368
1276 1275 1370
1275 1369 1370
1356 1370 1355
1355 1370 1369
1277 1276 1371
1276 1370 1371
1357 1371 1356
1356 1371 1370
1278 1277 1372
1277 1371 1372
1358 1372 1357
1357 1372 1371
1265 1279 1359
1279 1373 1359
1279 1278 1373
1278 1372 1373
1359 1373 1358
1358 1373 1372
1266 1280 1360
1280 1374 1360
1281 1280 1375
1280 1374 1375
1361 1375 1360
1360 1375 1374
1282 1281 1376
1281 1375 1376
1283 1282 1377
1282 1376 1377
1284 1283 1378
1283 1377 1378
1285 1284 1379
1284 1378 1379
1286 1285 1380
1285 1379 1380
1287 1286 1381
1286 1380 1381
1288 1287 1382
1287 1381 1382
1289 1288 1383
1288 1382 1383
1290 1289 1384
1289 1383 1384
1268 1291 1363
1291 1385 1363
1291 1290 1385
1290 1384 1385
1269 1292 1364
1292 1386 1364
1271 1293 1366
1293 1387 1366
1293 1292 1387
1292 1386 1387
1298 1297 1389
1297 1388 1389
1299 1298 1390
1298 1389 1390
1300 1299 1391
1299 1390 1391
1297 1305 1388
1305 1392 1388
1305 1304 1392
1304 1393 1392
1389 1394 1388
1388 1394 1392
1390 1395 1389
1389 1395 1394
1300 1306 1391
1306 1396 1391
1391 1396 1390
1390 1396 1395
1311 1310 1397
1310 1398 1397
1304 1312 1393
1312 1399 1393
1312 1311 1399
1311 1397 1399
1392 1400 1393
1393 1400 1399
1394 1401 1392
1392 1401 1400
1395 1402 1394
1394 1402 1401
1306 1313 1396
1313 1403 1396
1396 1403 1395
1395 1403 1402
1317 1316 1404
1316 1405 1404
1318 1317 1406
1317 1404 1406
1310 1319 1398
1319 1407 1398
1319 1318 1407
1318 1406 1407
1397 1408 1398
1398 1408 1407
1399 1409 1397
1397 1409 1408
1400 1410 1399
1399 1410 1409
1401 1411 1400
1400 1411 1410
1402 1412 1401
1401 1412 1411
1313 1320 1403
1320 1413 1403
1403 1413 1402
1402 1413 1412
1316 1325 1405
1325 1414 1405
1325 1324 1414
1324 1415 1414
1404 1416 1405
1405 1416 1414
1406 1417 1404
1404 1417 1416
1409 1418 1408
1408 1418 1419
1320 1326 1413
1326 1420 1413
1336 1334 1421
1334 1422 1421
1337 1336 1423
1336 1421 1423
1338 1337 1424
1337 1423 1424
1339 1338 1425
1338 1424 1425
1324 1340 1415
1340 1426 1415
1340 1339 1426
1339 1425 1426
1414 1427 1415
1415 1427 1426
1326 1341 1420
1341 1428 1420
1334 1350 1422
1350 1429 1422
1421 1430 1422
1422 1430 1429
1423 1431 1421
1421 1431 1430
1424 1432 1423
1423 1432 1431
1425 1433 1424
1424 1433 1432
1341 1351 1428
1351 1434 1428
1351 1352 1434
1352 1435 1434
1350 1361 1429
1361 1436 1429
1430 1437 1429
1429 1437 1436
1431 1438 1430
1430 1438 1437
1432 1439 1431
1431 1439 1438
1433 1440 1432
1432 1440 1439
1362 1363 1441
1363 1442 1441
1364 1362 1443
1362 1441 1443
1352 1365 1435
1365 1444 1435
1365 1366 1444
1366 1445 1444
1361 1375 1436
1375 1446 1436
1376 1375 1447
1375 1446 1447
1437 1447 1436
1436 1447 1446
1377 1376 1448
1376 1447 1448
1438 1448 1437
1437 1448 1447
1378 1377 1449
1377 1448 1449
1439 1449 1438
1438 1449 1448
1379 1378 1450
1378 1449 1450
1440 1450 1439
1439 1450 1449
1380 1379 1451
1379 1450 1451
1381 1380 1452
1380 1451 1452
1382 1381 1453
1381 1452 1453
1383 1382 1454
1382 1453 1454
1384 1383 1455
1383 1454 1455
1363 1385 1442
1385 1456 1442
1385 1384 1456
1384 1455 1456
1364 1386 1443
1386 1457 1443
1366 1387 1445
1387 1458 1445
1387 1386 1458
1386 1457 1458
1407 1406 1459
1406 1460 1459
1408 1407 1461
1407 1459 1461
1410 1409 1462
1409 1463 1462
1411 1410 1464
1410 1462 1464
1412 1411 1465
1411 1464 1465
1413 1412 1466
1412 1465 1466
1416 1414 1467
1414 1468 1467
1406 1417 1460
1417 1469 1460
1417 1416 1469
1416 1467 1469
1459 1470 1460
1460 1470 1469
1408 1419 1461
1419 1471 1461
1461 1471 1459
1459 1471 1470
1409 1418 1463
1418 1472 1463
1418 1419 1472
1419 1471 1472
1462 1473 1463
1463 1473 1472
1464 1474 1462
1462 1474 1473
1465 1475 1464
1464 1475 1474
1413 1420 1466
1420 1476 1466
1466 1476 1465
1465 1476 1475
1426 1425 1477
1425 1478 1477
1414 1427 1468
1427 1479 1468
1427 1426 1479
1426 1477 1479
1467 1480 1468
1468 1480 1479
1469 1481 1467
1467 1481 1480
1470 1482 1469
1469 1482 1481
1471 1483 1470
1470 1483 1482
1472 1484 1471
1471 1484 1483
1473 1485 1472
1472 1485 1484
1474 1486 1473
1473 1486 1485
1475 1487 1474
1474 1487 1486
1420 1428 1476
1428 1488 1476
1476 1488 1475
1475 1488 1487
1425 1433 1478
1433 1489 1478
1477 1490 1478
1478 1490 1489
1479 1491 1477
1477 1491 1490
1480 1492 1479
1479 1492 1491
1481 1493 1480
1480 1493 1492
1483 1494 1482
1482 1494 1495
1484 1496 1483
1483 1496 1494
1485 1497 1484
1484 1497 1496
1428 1434 1488
1434 1498 1488
1434 1435 1498
1435 1499 1498
1488 1498 1487
1487 1498 1499
1433 1440 1489
1440 1500 1489
1490 1501 1489
1489 1501 1500
1491 1502 1490
1490 1502 1501
1492 1503 1491
1491 1503 1502
1493 1504 1492
1492 1504 1503
1494 1505 1495
1495 1505 1506
1441 1442 1507
1442 1505 1507
1496 1507 1494
1494 1507 1505
1443 1441 1508
1441 1507 1508
1497 1508 1496
1496 1508 1507
1435 1444 1499
1444 1509 1499
1444 1445 1509
1445 1510 1509
1499 1509 1511
1511 1509 1510
1440 1450 1500
1450 1512 1500
1451 1450 1513
1450 1512 1513
1501 1513 1500
1500 1513 1512
1452 1451 1514
1451 1513 1514
1502 1514 1501
1501 1514 1513
1453 1452 1515
1452 1514 1515
1503 1515 1502
1502 1515 1514
1454 1453 1516
1453 1515 1516
1504 1516 1503
1503 1516 1515
1455 1454 1517
1454 1516 1517
1442 1456 1505
1456 1518 1505
1456 1455 1518
1455 1517 1518
1505 1518 1506
1506 1518 1517
1443 1457 1508
1457 1519 1508
1445 1458 1510
1458 1520 1510
1458 1457 1520
1457 1519 1520
1510 1520 1508
1508 1520 1519
1482 1481 1521
1481 1522 1521
1486 1485 1523
1485 1524 1523
1487 1486 1525
1486 1523 1525
1481 1493 1522
1493 1526 1522
1482 1495 1521
1495 1527 1521
1521 1527 1522
1522 1527 1526
1485 1497 1524
1497 1528 1524
1523 1529 1524
1524 1529 1528
1487 1499 1525
1499 1530 1525
1499 1511 1530
1511 1529 1530
1525 1530 1523
1523 1530 1529
1493 1504 1526
1504 1531 1526
1495 1506 1527
1506 1532 1527
1527 1532 1526
1526 1532 1531
1497 1508 1528
1508 1533 1528
1511 1510 1529
1510 1534 1529
1510 1508 1534
1508 1533 1534
1529 1534 1528
1528 1534 1533
1504 1516 1531
1516 1535 1531
1506 1517 1532
1517 1536 1532
1517 1516 1536
1516 1535 1536
1532 1536 1531
1531 1536 1535
